mag_bin_lo mag_bin_hi num_dets_common num_dets_legonly num_dets_sinonly
---------- ---------- --------------- ---------------- ----------------
       9.0        9.5               0                0                0
       9.5       10.0               0                0                0
      10.0       10.5               0                0                0
      10.5       11.0               0                0                0
      11.0       11.5               0                0                0
      11.5       12.0               0                0                0
      12.0       12.5               9                0                0
      12.5       13.0              15                0                0
      13.0       13.5              12                0                0
      13.5       14.0              17                0                0
      14.0       14.5              33                3                1
      14.5       15.0              28                1                3
      15.0       15.5              61                6                1
      15.5       16.0              78                5                4
      16.0       16.5              31                8               11
      16.5       17.0              37                8               10
      17.0       17.5              35               12                7
      17.5       18.0              33               11               22
      18.0       18.5               9                9               10
      18.5       19.0               2                6                4
      19.0       19.5               1                2                1
      19.5       20.0               0                0                1
      20.0       20.5               0                0                0
