mag_bin_lo mag_bin_hi num_dets_common num_dets_legonly num_dets_sinonly
---------- ---------- --------------- ---------------- ----------------
       9.0        9.5               0                0                0
       9.5       10.0               0                0                0
      10.0       10.5               0                0                0
      10.5       11.0               0                0                0
      11.0       11.5               0                0                0
      11.5       12.0               0                0                0
      12.0       12.5              48                0                0
      12.5       13.0              40                0                0
      13.0       13.5              46                0                0
      13.5       14.0              93                0                0
      14.0       14.5             248               12                1
      14.5       15.0             117                2                2
      15.0       15.5             351               30               27
      15.5       16.0             292               49               52
      16.0       16.5             192               35               69
      16.5       17.0             199               53              130
      17.0       17.5             222               92               89
      17.5       18.0             110               95               91
      18.0       18.5              47               74               72
      18.5       19.0              13               56               30
      19.0       19.5               5               19               10
      19.5       20.0               0                1                3
      20.0       20.5               0                0                0
