97may
S0-38_97may   17.000 1997.367   526.46300   340.25400  1.200000000000  1.200000000000          2.0000  0.80 1000    240
98may
S0-38_98may   17.000 1998.366   524.92500   340.08400  1.200000000000  1.200000000000          2.0000  0.80 9000     96
98oct
S0-38_98oct   17.000 1998.771   520.30700   337.49100  1.200000000000  1.200000000000          2.0000  0.80 2000     88
03apr
S0-38_03apr   17.000 2003.303   502.52800   347.19600  1.200000000000  1.200000000000          2.0000  0.80 3500    117
03jul
S0-38_03jul   17.000 2003.554   501.86700   348.02100  1.200000000000  1.200000000000          2.0000  0.80 2800     99
04aug
S0-38_04aug   17.000 2004.660   507.20500   349.99400  1.200000000000  1.200000000000          2.0000  0.80 2800    147
