|         epoch | filt | nights_combo | num_frames |          med_fwhms |         med_strehls | num_stf_legacy_detections | num_stf_singPSF_detections | num_stf_legacy_detections_faint | num_stf_singPSF_detections_faint | num_stf_legacy_detections_bright | num_stf_singPSF_detections_bright | num_legonly_detections | num_singonly_detections | num_legonly_faint_detections | num_singonly_faint_detections | num_legonly_bright_detections | num_singonly_bright_detections |
| 20060503nirc2 |   kp | single_night |        107 |              57.22 |                0.38 |                     845.0 |                     1530.0 |                           142.0 |                            677.0 |                            703.0 |                             853.0 |                   50.0 |                   735.0 |                         28.0 |                         549.0 |                          22.0 |                          186.0 |
| 20060521nirc2 |   kp | single_night |          8 |               65.9 |               0.275 |                     461.0 |                      564.0 |                            27.0 |                             62.0 |                            434.0 |                             502.0 |                   19.0 |                   122.0 |                          5.0 |                          41.0 |                          14.0 |                           81.0 |
| 20060620nirc2 |   kp | single_night |         52 |  59.80500000000001 |                0.34 |                    1253.0 |                     1337.0 |                           449.0 |                            543.0 |                            804.0 |                             794.0 |                  127.0 |                   211.0 |                        103.0 |                         192.0 |                          24.0 |                           19.0 |
| 20060621nirc2 |   kp | single_night |        119 |              56.09 |                 0.4 |                    1176.0 |                     1477.0 |                           372.0 |                            612.0 |                            804.0 |                             865.0 |                  138.0 |                   439.0 |                        112.0 |                         357.0 |                          26.0 |                           82.0 |
| 20060717nirc2 |   kp | single_night |         64 | 57.394999999999996 |               0.395 |                     999.0 |                     1430.0 |                           244.0 |                            585.0 |                            755.0 |                             845.0 |                  108.0 |                   539.0 |                         74.0 |                         405.0 |                          34.0 |                          134.0 |
| 20070517nirc2 |   kp | single_night |         76 |             57.625 |                0.39 |                    1795.0 |                     1799.0 |                           935.0 |                            946.0 |                            860.0 |                             853.0 |                  314.0 |                   318.0 |                        280.0 |                         289.0 |                          34.0 |                           29.0 |
| 20070810nirc2 |   kp | single_night |         36 |             63.045 |               0.255 |                    1036.0 |                     1124.0 |                           256.0 |                            353.0 |                            780.0 |                             771.0 |                   70.0 |                   158.0 |                         37.0 |                         132.0 |                          33.0 |                           26.0 |
| 20070812nirc2 |   kp | single_night |         54 |             55.335 |                0.36 |                     867.0 |                      804.0 |                           151.0 |                            133.0 |                            716.0 |                             671.0 |                  536.0 |                     6.0 |                        143.0 |                           4.0 |                         393.0 |                            2.0 |
| 20080515nirc2 |   kp | single_night |        135 |              52.94 |                0.31 |                     877.0 |                     1508.0 |                           168.0 |                            670.0 |                            709.0 |                             838.0 |                   46.0 |                   677.0 |                         25.0 |                         516.0 |                          21.0 |                          161.0 |
| 20080724nirc2 |   kp | single_night |        104 |             58.295 |               0.355 |                    1307.0 |                     1054.0 |                           452.0 |                            263.0 |                            855.0 |                             791.0 |                  535.0 |                    38.0 |                        340.0 |                          23.0 |                         195.0 |                           15.0 |
| 20090501nirc2 |   kp | single_night |        133 |              63.22 |                0.34 |                    1303.0 |                     1562.0 |                           469.0 |                            721.0 |                            834.0 |                             841.0 |                  123.0 |                   382.0 |                         96.0 |                         346.0 |                          27.0 |                           36.0 |
| 20090502nirc2 |   kp | single_night |         49 |               57.7 |                0.39 |                    1188.0 |                     1386.0 |                           368.0 |                            555.0 |                            820.0 |                             831.0 |                  119.0 |                   317.0 |                         83.0 |                         258.0 |                          36.0 |                           59.0 |
| 20090504nirc2 |   kp | single_night |         56 |              53.09 |               0.455 |                    1386.0 |                     1417.0 |                           539.0 |                            553.0 |                            847.0 |                             864.0 |                  228.0 |                   259.0 |                        194.0 |                         207.0 |                          34.0 |                           52.0 |
| 20090722nirc2 |   kp | single_night |         29 |              73.41 |                0.23 |                     654.0 |                      750.0 |                            61.0 |                            104.0 |                            593.0 |                             646.0 |                   75.0 |                   171.0 |                         26.0 |                          64.0 |                          49.0 |                          107.0 |
| 20090724nirc2 |   kp | single_night |         79 |              60.94 |                0.29 |                    1334.0 |                     1377.0 |                           519.0 |                            575.0 |                            815.0 |                             802.0 |                  177.0 |                   220.0 |                        134.0 |                         188.0 |                          43.0 |                           32.0 |
| 20090909nirc2 |   kp | single_night |         44 |              58.14 |                0.38 |                    1347.0 |                     1338.0 |                           498.0 |                            504.0 |                            849.0 |                             834.0 |                  234.0 |                   225.0 |                        180.0 |                         182.0 |                          54.0 |                           43.0 |
| 20100504nirc2 |   kp | single_night |        106 |              62.45 |                0.33 |                    1247.0 |                     1283.0 |                           433.0 |                            475.0 |                            814.0 |                             808.0 |                  178.0 |                   214.0 |                        134.0 |                         173.0 |                          44.0 |                           41.0 |
| 20100505nirc2 |   kp | single_night |         60 |               59.7 |               0.355 |                    1316.0 |                     1314.0 |                           485.0 |                            486.0 |                            831.0 |                             828.0 |                  223.0 |                   221.0 |                        175.0 |                         183.0 |                          48.0 |                           38.0 |
| 20100706nirc2 |   kp | single_night |        110 | 60.620000000000005 |                0.34 |                    1276.0 |                     1248.0 |                           436.0 |                            438.0 |                            840.0 |                             810.0 |                  247.0 |                   219.0 |                        179.0 |                         176.0 |                          68.0 |                           43.0 |
| 20100815nirc2 |   kp | single_night |        127 |              58.36 |                0.32 |                    1155.0 |                     1120.0 |                           343.0 |                            317.0 |                            812.0 |                             803.0 |                  211.0 |                   176.0 |                        154.0 |                         120.0 |                          57.0 |                           56.0 |
| 20110527nirc2 |   kp | single_night |        117 |              63.89 |                0.31 |                    1078.0 |                      949.0 |                           286.0 |                            195.0 |                            792.0 |                             754.0 |                  240.0 |                   111.0 |                        159.0 |                          63.0 |                          81.0 |                           48.0 |
| 20110718nirc2 |   kp | single_night |        164 |              57.87 |                 0.3 |                    1233.0 |                     1280.0 |                           400.0 |                            443.0 |                            833.0 |                             837.0 |                  217.0 |                   264.0 |                        157.0 |                         201.0 |                          60.0 |                           63.0 |
| 20110823nirc2 |   kp | single_night |        102 |             59.225 |                0.38 |                    1583.0 |                     1718.0 |                           726.0 |                            869.0 |                            857.0 |                             849.0 |                  254.0 |                   389.0 |                        208.0 |                         351.0 |                          46.0 |                           38.0 |
| 20110824nirc2 |   kp | single_night |        102 |             61.465 |                0.33 |                    1348.0 |                     1223.0 |                           514.0 |                            413.0 |                            834.0 |                             810.0 |                  285.0 |                   160.0 |                        209.0 |                         111.0 |                          76.0 |                           49.0 |
| 20120515nirc2 |   kp | single_night |        180 |             59.075 |                0.33 |                    1408.0 |                     1330.0 |                           560.0 |                            492.0 |                            848.0 |                             838.0 |                  285.0 |                   207.0 |                        239.0 |                         170.0 |                          46.0 |                           37.0 |
| 20120518nirc2 |   kp | single_night |         68 |  67.50999999999999 |                0.28 |                    1087.0 |                      997.0 |                           301.0 |                            220.0 |                            786.0 |                             777.0 |                  194.0 |                   104.0 |                        136.0 |                          59.0 |                          58.0 |                           45.0 |
| 20120724nirc2 |   kp | single_night |        164 |             58.025 |                0.37 |                    1414.0 |                     1288.0 |                           562.0 |                            464.0 |                            852.0 |                             824.0 |                  307.0 |                   181.0 |                        248.0 |                         147.0 |                          59.0 |                           34.0 |
| 20130426nirc2 |   kp | single_night |         75 |              64.81 |                0.27 |                    1064.0 |                     1065.0 |                           285.0 |                            313.0 |                            779.0 |                             752.0 |                  149.0 |                   150.0 |                         93.0 |                         110.0 |                          56.0 |                           40.0 |
| 20130427nirc2 |   kp | single_night |         77 |              69.87 |                0.27 |                    1137.0 |                     1136.0 |                           344.0 |                            372.0 |                            793.0 |                             764.0 |                  163.0 |                   162.0 |                         99.0 |                         121.0 |                          64.0 |                           41.0 |
| 20130720nirc2 |   kp | single_night |        195 |              58.36 |                0.38 |                    1465.0 |                     1670.0 |                           606.0 |                            800.0 |                            859.0 |                             870.0 |                  210.0 |                   415.0 |                        179.0 |                         371.0 |                          31.0 |                           44.0 |
| 20140319nirc2 |   kp | single_night |         17 |             104.06 |                0.13 |                     427.0 |                      435.0 |                             4.0 |                             10.0 |                            423.0 |                             425.0 |                   44.0 |                    52.0 |                          1.0 |                           6.0 |                          43.0 |                           46.0 |
| 20140320nirc2 |   kp | single_night |         19 |              67.48 |                0.28 |                     931.0 |                     1064.0 |                           234.0 |                            342.0 |                            697.0 |                             722.0 |                   88.0 |                   221.0 |                         50.0 |                         154.0 |                          38.0 |                           67.0 |
| 20140418nirc2 |   kp | single_night |          4 |             78.135 |               0.215 |                     699.0 |                      677.0 |                            49.0 |                             59.0 |                            650.0 |                             618.0 |                   77.0 |                    55.0 |                         12.0 |                          21.0 |                          65.0 |                           34.0 |
| 20140419nirc2 |   kp | single_night |          6 |            112.645 |                0.12 |                     235.0 |                      242.0 |                             0.0 |                              0.0 |                            235.0 |                             242.0 |                   30.0 |                    37.0 |                          0.0 |                           0.0 |                          30.0 |                           37.0 |
| 20140512nirc2 |   kp | single_night |          9 |              68.32 |                0.26 |                     851.0 |                      918.0 |                           172.0 |                            224.0 |                            679.0 |                             694.0 |                   84.0 |                   151.0 |                         38.0 |                          90.0 |                          46.0 |                           61.0 |
| 20140519nirc2 |   kp | single_night |        148 | 63.894999999999996 |                0.32 |                    1246.0 |                     1141.0 |                           422.0 |                            340.0 |                            824.0 |                             801.0 |                  246.0 |                   141.0 |                        171.0 |                          92.0 |                          75.0 |                           49.0 |
| 20140703nirc2 |   kp | single_night |         46 |             71.795 |                0.27 |                    1054.0 |                     1039.0 |                           316.0 |                            317.0 |                            738.0 |                             722.0 |                  129.0 |                   114.0 |                         82.0 |                          81.0 |                          47.0 |                           33.0 |
| 20140704nirc2 |   kp | single_night |         86 |              70.86 |                0.27 |                     900.0 |                      897.0 |                           146.0 |                            154.0 |                            754.0 |                             743.0 |                   90.0 |                    87.0 |                         32.0 |                          46.0 |                          58.0 |                           41.0 |
| 20140803nirc2 |   kp | single_night |         12 |              92.53 |                0.17 |                     498.0 |                      542.0 |                            12.0 |                             27.0 |                            486.0 |                             515.0 |                   41.0 |                    85.0 |                          2.0 |                          17.0 |                          39.0 |                           68.0 |
| 20140804nirc2 |   kp | single_night |         24 |             64.245 |                0.29 |                     990.0 |                     1223.0 |                           234.0 |                            428.0 |                            756.0 |                             795.0 |                   92.0 |                   325.0 |                         53.0 |                         240.0 |                          39.0 |                           85.0 |
| 20140806nirc2 |   kp | single_night |        126 |             56.435 |                0.39 |                    1190.0 |                     1345.0 |                           385.0 |                            490.0 |                            805.0 |                             855.0 |                  178.0 |                   333.0 |                        139.0 |                         245.0 |                          39.0 |                           88.0 |
| 20150331nirc2 |   kp | single_night |         25 |              68.22 |                0.28 |                     905.0 |                     1001.0 |                           198.0 |                            280.0 |                            707.0 |                             721.0 |                   93.0 |                   189.0 |                         42.0 |                         120.0 |                          51.0 |                           69.0 |
| 20150401nirc2 |   kp | single_night |          5 |              69.19 |                0.25 |                     825.0 |                      901.0 |                           126.0 |                            174.0 |                            699.0 |                             727.0 |                   61.0 |                   137.0 |                         27.0 |                          72.0 |                          34.0 |                           65.0 |
| 20150402nirc2 |   kp | single_night |         17 |              62.95 |                0.32 |                    1088.0 |                     1150.0 |                           321.0 |                            383.0 |                            767.0 |                             767.0 |                  150.0 |                   212.0 |                        102.0 |                         164.0 |                          48.0 |                           48.0 |
| 20150514nirc2 |   kp | single_night |         32 |  81.30000000000001 |               0.185 |                     750.0 |                      789.0 |                            84.0 |                            131.0 |                            666.0 |                             658.0 |                   80.0 |                   119.0 |                         18.0 |                          61.0 |                          62.0 |                           58.0 |
| 20150809nirc2 |   kp | single_night |         43 |              61.91 |                0.35 |                     975.0 |                     1058.0 |                           222.0 |                            259.0 |                            753.0 |                             799.0 |                  146.0 |                   229.0 |                         85.0 |                         117.0 |                          61.0 |                          112.0 |
| 20150810nirc2 |   kp | single_night |         98 |              56.59 |                0.41 |                    1318.0 |                     1770.0 |                           486.0 |                            896.0 |                            832.0 |                             874.0 |                  146.0 |                   598.0 |                        116.0 |                         520.0 |                          30.0 |                           78.0 |
| 20150811nirc2 |   kp | single_night |         71 |              56.43 |                0.42 |                    1334.0 |                     1941.0 |                           496.0 |                           1053.0 |                            838.0 |                             888.0 |                  138.0 |                   745.0 |                        114.0 |                         668.0 |                          24.0 |                           77.0 |
| 20160503nirc2 |   kp | single_night |        166 |             60.805 |                0.36 |                    1147.0 |                     1261.0 |                           325.0 |                            425.0 |                            822.0 |                             836.0 |                  164.0 |                   278.0 |                        111.0 |                         205.0 |                          53.0 |                           73.0 |
| 20160712nirc2 |   kp | single_night |         16 |  76.61500000000001 |                0.22 |                     662.0 |                      729.0 |                            64.0 |                            112.0 |                            598.0 |                             617.0 |                   68.0 |                   135.0 |                         19.0 |                          61.0 |                          49.0 |                           74.0 |
| 20160713nirc2 |   kp | single_night |        148 | 59.495000000000005 |                0.33 |                     934.0 |                     1047.0 |                           191.0 |                            250.0 |                            743.0 |                             797.0 |                  133.0 |                   246.0 |                         67.0 |                         118.0 |                          66.0 |                          128.0 |
| 20170504nirc2 |   kp | single_night |        115 |              70.72 |                0.28 |                    1100.0 |                     1121.0 |                           290.0 |                            344.0 |                            810.0 |                             777.0 |                  140.0 |                   161.0 |                         85.0 |                         134.0 |                          55.0 |                           27.0 |
| 20170505nirc2 |   kp | single_night |        175 |              58.38 |                0.38 |                    1214.0 |                     1162.0 |                           368.0 |                            288.0 |                            846.0 |                             874.0 |                  226.0 |                   174.0 |                        181.0 |                         107.0 |                          45.0 |                           67.0 |
| 20170718nirc2 |   kp | single_night |          9 |              64.46 |                0.28 |                     919.0 |                     1052.0 |                           165.0 |                            246.0 |                            754.0 |                             806.0 |                   94.0 |                   227.0 |                         39.0 |                         126.0 |                          55.0 |                          101.0 |
| 20170727nirc2 |   kp | single_night |         45 |              78.21 |                 0.2 |                     846.0 |                      869.0 |                           149.0 |                            188.0 |                            697.0 |                             681.0 |                  100.0 |                   123.0 |                         45.0 |                          76.0 |                          55.0 |                           47.0 |
| 20170808nirc2 |   kp | single_night |          9 |              93.33 |                0.15 |                     505.0 |                      496.0 |                             1.0 |                              2.0 |                            504.0 |                             494.0 |                   53.0 |                    44.0 |                          0.0 |                           0.0 |                          53.0 |                           44.0 |
| 20170809nirc2 |   kp | single_night |         23 |              61.84 |                0.33 |                     950.0 |                     1204.0 |                           162.0 |                            368.0 |                            788.0 |                             836.0 |                   65.0 |                   319.0 |                         26.0 |                         239.0 |                          39.0 |                           80.0 |
| 20170810nirc2 |   kp | single_night |         30 | 58.879999999999995 |                0.34 |                     937.0 |                     1102.0 |                           171.0 |                            272.0 |                            766.0 |                             830.0 |                  111.0 |                   276.0 |                         63.0 |                         161.0 |                          48.0 |                          115.0 |
| 20170811nirc2 |   kp | single_night |         87 |              52.64 |                0.43 |                    1103.0 |                     1430.0 |                           303.0 |                            562.0 |                            800.0 |                             868.0 |                  137.0 |                   464.0 |                         93.0 |                         350.0 |                          44.0 |                          114.0 |
| 20170823nirc2 |   kp | single_night |         61 |              64.15 |                0.32 |                     996.0 |                     1342.0 |                           223.0 |                            497.0 |                            773.0 |                             845.0 |                   89.0 |                   435.0 |                         48.0 |                         312.0 |                          41.0 |                          123.0 |
| 20170824nirc2 |   kp | single_night |         42 |              60.68 |                0.37 |                     851.0 |                      965.0 |                           106.0 |                            143.0 |                            745.0 |                             822.0 |                   67.0 |                   181.0 |                         32.0 |                          65.0 |                          35.0 |                          116.0 |
| 20170826nirc2 |   kp | single_night |         33 |              58.93 |                0.35 |                     996.0 |                     1182.0 |                           242.0 |                            382.0 |                            754.0 |                             800.0 |                  127.0 |                   313.0 |                         81.0 |                         216.0 |                          46.0 |                           97.0 |
| 20180317nirc2 |   kp | single_night |         33 |              55.83 |                0.48 |                    1205.0 |                     1302.0 |                           389.0 |                            447.0 |                            816.0 |                             855.0 |                  181.0 |                   278.0 |                        133.0 |                         195.0 |                          48.0 |                           83.0 |
| 20180322nirc2 |   kp | single_night |         47 |              74.45 |                0.26 |                    1001.0 |                     1153.0 |                           223.0 |                            375.0 |                            778.0 |                             778.0 |                  106.0 |                   258.0 |                         49.0 |                         193.0 |                          57.0 |                           65.0 |
| 20180330nirc2 |   kp | single_night |         26 |              61.03 |                0.37 |                     891.0 |                     1038.0 |                           159.0 |                            259.0 |                            732.0 |                             779.0 |                  107.0 |                   254.0 |                         53.0 |                         141.0 |                          54.0 |                          113.0 |
| 20180519nirc2 |   kp | single_night |         11 |              78.42 |                0.25 |                     773.0 |                      779.0 |                            99.0 |                            132.0 |                            674.0 |                             647.0 |                   76.0 |                    82.0 |                         19.0 |                          44.0 |                          57.0 |                           38.0 |
| 20180524nirc2 |   kp | single_night |         43 |              77.99 |                0.23 |                     918.0 |                      892.0 |                           193.0 |                            194.0 |                            725.0 |                             698.0 |                  134.0 |                   108.0 |                         68.0 |                          62.0 |                          66.0 |                           46.0 |
| 20190419nirc2 |   kp | single_night |         66 |  77.03999999999999 |                0.22 |                     877.0 |                      952.0 |                           172.0 |                            260.0 |                            705.0 |                             692.0 |                  102.0 |                   177.0 |                         43.0 |                         121.0 |                          59.0 |                           56.0 |
| 20190420nirc2 |   kp | single_night |        112 | 63.245000000000005 |                0.36 |                    1081.0 |                     1358.0 |                           291.0 |                            502.0 |                            790.0 |                             856.0 |                  141.0 |                   418.0 |                         94.0 |                         292.0 |                          47.0 |                          126.0 |
| 20190513nirc2 |   kp | single_night |         68 | 60.105000000000004 |               0.375 |                    1090.0 |                     1103.0 |                           289.0 |                            279.0 |                            801.0 |                             824.0 |                  187.0 |                   200.0 |                        123.0 |                         113.0 |                          64.0 |                           87.0 |
| 20190523nirc2 |   kp | single_night |        139 |              60.36 |                0.37 |                    1082.0 |                     1147.0 |                           288.0 |                            309.0 |                            794.0 |                             838.0 |                  185.0 |                   250.0 |                        123.0 |                         141.0 |                          62.0 |                          109.0 |
| 20190625nirc2 |   kp | single_night |         12 |              75.44 |                0.24 |                     856.0 |                      814.0 |                           168.0 |                            174.0 |                            688.0 |                             640.0 |                  103.0 |                    61.0 |                         37.0 |                          39.0 |                          66.0 |                           22.0 |
| 20190630nirc2 |   kp | single_night |         10 |              56.04 |               0.415 |                    1126.0 |                     1331.0 |                           373.0 |                            540.0 |                            753.0 |                             791.0 |                   97.0 |                   302.0 |                         75.0 |                         240.0 |                          22.0 |                           62.0 |
| 20190814nirc2 |   kp | single_night |         34 |  67.39500000000001 |               0.295 |                    1034.0 |                     1134.0 |                           267.0 |                            370.0 |                            767.0 |                             764.0 |                   96.0 |                   196.0 |                         43.0 |                         144.0 |                          53.0 |                           52.0 |
| 20190818nirc2 |   kp | single_night |         13 |              62.57 |                0.33 |                    1061.0 |                     1000.0 |                           212.0 |                            283.0 |                            849.0 |                             717.0 |                  124.0 |                    63.0 |                         62.0 |                          46.0 |                          62.0 |                           17.0 |
| 20190819nirc2 |   kp | single_night |         23 |               70.3 |                 0.3 |                    1159.0 |                     1079.0 |                           360.0 |                            232.0 |                            799.0 |                             847.0 |                  183.0 |                   103.0 |                        120.0 |                          77.0 |                          63.0 |                           26.0 |
| 20200707nirc2 |   kp | single_night |        169 |              70.29 |                0.28 |                    1181.0 |                     1237.0 |                           359.0 |                            415.0 |                            822.0 |                             822.0 |                  161.0 |                   217.0 |                        110.0 |                         162.0 |                          51.0 |                           55.0 |
| 20200809nirc2 |   kp | single_night |         32 |              69.56 |                0.26 |                     939.0 |                      943.0 |                           189.0 |                            198.0 |                            750.0 |                             745.0 |                  103.0 |                   107.0 |                         54.0 |                          51.0 |                          49.0 |                           56.0 |
| 20210429nirc2 |   kp | single_night |        111 |              48.55 |                0.48 |                    1118.0 |                     2024.0 |                           223.0 |                            918.0 |                            895.0 |                            1106.0 |                   77.0 |                   983.0 |                         56.0 |                         822.0 |                          21.0 |                          161.0 |
| 20210513nirc2 |   kp | single_night |         67 |              75.52 |                0.23 |                     906.0 |                      991.0 |                           123.0 |                            205.0 |                            783.0 |                             786.0 |                   85.0 |                   170.0 |                         39.0 |                         119.0 |                          46.0 |                           51.0 |
| 20210514nirc2 |   kp | single_night |        122 |             63.025 |                0.32 |                    1013.0 |                     1162.0 |                           159.0 |                            257.0 |                            854.0 |                             905.0 |                  109.0 |                   258.0 |                         61.0 |                         167.0 |                          48.0 |                           91.0 |
| 20210713nirc2 |   kp | single_night |         10 |              67.73 | 0.30000000000000004 |                     926.0 |                     1001.0 |                           190.0 |                            268.0 |                            736.0 |                             733.0 |                   65.0 |                   140.0 |                         25.0 |                         101.0 |                          40.0 |                           39.0 |
| 20210714nirc2 |   kp | single_night |         31 |              82.95 |                0.22 |                     778.0 |                      801.0 |                            89.0 |                            129.0 |                            689.0 |                             672.0 |                   65.0 |                    88.0 |                         15.0 |                          47.0 |                          50.0 |                           41.0 |
| 20210812nirc2 |   kp | single_night |         12 |             53.275 |                0.46 |                    1188.0 |                     1434.0 |                           359.0 |                            567.0 |                            829.0 |                             867.0 |                   52.0 |                   298.0 |                         39.0 |                         241.0 |                          13.0 |                           57.0 |
| 20210813nirc2 |   kp | single_night |        115 |              59.67 |                0.39 |                    1256.0 |                     1253.0 |                           411.0 |                            390.0 |                            845.0 |                             863.0 |                  222.0 |                   219.0 |                        169.0 |                         144.0 |                          53.0 |                           75.0 |
| 20210814nirc2 |   kp | single_night |         15 |              71.49 |                0.28 |                     910.0 |                      960.0 |                           169.0 |                            223.0 |                            741.0 |                             737.0 |                   80.0 |                   130.0 |                         30.0 |                          80.0 |                          50.0 |                           50.0 |
| 20210815nirc2 |   kp | single_night |         36 |             50.185 |                0.47 |                    1756.0 |                     1835.0 |                           867.0 |                            939.0 |                            889.0 |                             896.0 |                  160.0 |                   239.0 |                        146.0 |                         223.0 |                          14.0 |                           16.0 |
| 20210821nirc2 |   kp | single_night |         45 |              51.85 |                0.43 |                    1362.0 |                     1537.0 |                           489.0 |                            659.0 |                            873.0 |                             878.0 |                  114.0 |                   289.0 |                         87.0 |                         253.0 |                          27.0 |                           36.0 |
| 20220514nirc2 |   kp | single_night |        118 |              57.78 |                 0.4 |                    1359.0 |                     1462.0 |                           493.0 |                            557.0 |                            866.0 |                             905.0 |                  209.0 |                   312.0 |                        180.0 |                         244.0 |                          29.0 |                           68.0 |
| 20220515nirc2 |   kp | single_night |         20 |              69.13 |                0.27 |                     903.0 |                      922.0 |                           177.0 |                            205.0 |                            726.0 |                             717.0 |                   93.0 |                   112.0 |                         39.0 |                          61.0 |                          54.0 |                           51.0 |
| 20220521nirc2 |   kp | single_night |         48 |               55.1 |                0.44 |                    1364.0 |                     1867.0 |                           513.0 |                            976.0 |                            851.0 |                             891.0 |                  108.0 |                   612.0 |                         86.0 |                         545.0 |                          22.0 |                           67.0 |
| 20220525nirc2 |   kp | single_night |         57 |              59.63 |                0.39 |                    1103.0 |                     1193.0 |                           295.0 |                            362.0 |                            808.0 |                             831.0 |                  145.0 |                   235.0 |                        100.0 |                         162.0 |                          45.0 |                           73.0 |
