# version: 1_001
# Absolute Astrometry Derived From: 
# Dir = /u/shoko/AbsoluteRef2017/H_ver2_jknife/
# Number of IR Mosaics = 13
# Scale = 999.9369 +/- 0.0518 mas/pix
# Angle = 0.074 +/- 0.001 deg
# x0err = 0.374 mas
# y0err = 0.336 mas
#
#Name           K         x       y    xerr    yerr         vx       vy    vxerr    vyerr         t0 use?     r2d
#()         (mag)    (asec)  (asec)  (asec)  (asec)   (mas/yr) (mas/yr) (mas/yr) (mas/yr)     (year)   ()  (asec)
S0-6         14.3     0.01543  -0.35634   0.00020   0.00022     -5.057    3.065    0.051    0.075   2010.860    1   0.357
S0-7         15.4     0.52680   0.10023   0.00026   0.00029      5.711    0.727    0.052    0.069   2012.371    1   0.536
S0-11        15.4     0.48961  -0.06573   0.00022   0.00043     -3.637   -2.530    0.033    0.080   2011.368    1   0.494
S0-12        14.4    -0.54973   0.41975   0.00022   0.00021      1.060    3.399    0.045    0.055   2011.532    1   0.692
S0-13        13.5     0.55753  -0.40733   0.00020   0.00024      1.874    3.136    0.048    0.063   2011.000    1   0.690
S0-14        13.9    -0.75330  -0.28877   0.00022   0.00028      2.514   -1.446    0.051    0.082   2011.401    1   0.807
S1-5         12.7     0.31420  -0.88326   0.00024   0.00018     -3.671    4.304    0.067    0.053   2011.077    1   0.937
S1-1         13.2     1.04678   0.03476   0.00022   0.00022      5.909    1.217    0.064    0.076   2010.943    1   1.047
S1-8         14.4    -0.58044  -0.92001   0.00039   0.00048      9.350   -5.626    0.094    0.122   2010.388    1   1.088
S1-10        15.0    -1.09429  -0.01280   0.00029   0.00040      4.632    1.568    0.084    0.084   2011.172    1   1.094
irs16NW      10.1     0.08799   1.22015   0.00022   0.00021      6.172    0.731    0.060    0.058   2011.255    1   1.223
irs16C        9.9     1.03523   0.56138   0.00026   0.00023     -9.004    7.412    0.089    0.073   2011.266    1   1.178
S1-33        15.2    -1.24550   0.01123   0.00043   0.00035      0.013    5.171    0.119    0.130   2012.646    1   1.246
S1-34        13.1     0.87895  -0.99601   0.00021   0.00021      2.923   -0.854    0.048    0.058   2011.555    1   1.328
S1-14        13.0    -1.31186  -0.38185   0.00021   0.00020      5.639   -8.185    0.056    0.038   2011.047    1   1.366
S1-15        14.1    -1.35431   0.48196   0.00044   0.00057      0.089   -4.346    0.147    0.166   2011.917    1   1.438
S1-17        12.4     0.47701  -1.53418   0.00020   0.00019      0.112   -5.660    0.051    0.059   2010.977    1   1.607
S1-20        12.5     0.45033   1.60316   0.00020   0.00021      4.201   -0.276    0.054    0.054   2011.328    1   1.665
S1-53        15.3     1.66944  -0.09457   0.00044   0.00041     -0.524    2.482    0.133    0.122   2011.811    1   1.672
S1-21        13.5    -1.63284   0.08338   0.00020   0.00032      4.393   -5.476    0.053    0.112   2011.708    1   1.635
S1-22        12.8    -1.55987  -0.52634   0.00016   0.00026      8.323   -3.326    0.040    0.063   2011.063    1   1.646
S1-23        11.8    -0.89135  -1.50371   0.00021   0.00021      4.497   -3.498    0.056    0.059   2011.169    1   1.748
S1-24        11.5     0.73815  -1.66106   0.00017   0.00018      2.666   -6.544    0.042    0.051   2011.186    1   1.818
S1-25        13.5     1.67929  -0.60565   0.00021   0.00022      3.243    2.866    0.065    0.051   2011.306    1   1.785
S1-64        15.4     0.66129   1.82033   0.00043   0.00069      2.173    1.632    0.123    0.167   2011.837    1   1.937
S1-68        13.4     1.82576  -0.65821   0.00026   0.00021     -5.114   -5.407    0.049    0.067   2011.075    1   1.941
S2-12        15.1     1.63185   1.13971   0.00028   0.00032     -5.490   -3.624    0.070    0.068   2011.379    1   1.990
S2-34        15.4     1.84783   1.01396   0.00044   0.00057      3.237    5.311    0.114    0.161   2012.311    1   2.108
S2-5         13.4     1.94566  -0.78047   0.00022   0.00019      5.551    5.366    0.075    0.060   2011.282    1   2.096
S2-11        11.9     1.96720  -0.60693   0.00020   0.00018     -0.817    1.732    0.059    0.052   2010.915    1   2.059
S2-4         12.1     1.52802  -1.45558   0.00018   0.00016      8.143    2.842    0.057    0.042   2011.282    1   2.110
irs29S       11.4    -1.83809   0.96028   0.00021   0.00026      0.294   -0.059    0.058    0.079   2011.193    1   2.074
S2-8         12.2    -1.95430   0.88949   0.00026   0.00030      1.973    1.857    0.071    0.084   2011.134    1   2.147
S2-3         14.4    -1.51199  -1.41411   0.00054   0.00054      4.253   -0.572    0.115    0.170   2011.543    1   2.070
S2-2         14.1    -0.51850   2.09647   0.00022   0.00034      2.536    4.550    0.066    0.109   2011.288    1   2.160
irs29N       10.3    -1.54813   1.36278   0.00020   0.00022      5.084   -5.559    0.056    0.066   2011.303    1   2.062
irs16SW-E    11.3     1.90220  -1.11279   0.00014   0.00009      5.964    3.829    0.053    0.016   2011.256    1   2.204
irs33N       11.4    -0.02520  -2.24657   0.00016   0.00024      3.541   -5.929    0.045    0.074   2010.728    1   2.247
S2-47        14.4     2.19455  -0.51400   0.00029   0.00022      0.045    1.961    0.081    0.062   2011.139    1   2.254
S2-17        10.7     1.35451  -1.87920   0.00018   0.00016      9.192   -0.143    0.059    0.038   2011.260    1   2.316
S2-16        12.2    -1.07974   2.05608   0.00019   0.00021     -8.887   -1.109    0.048    0.057   2011.253    1   2.322
S2-22        13.0     2.29794  -0.19833   0.00023   0.00020     -1.783    6.277    0.075    0.069   2011.232    1   2.306
S2-18        13.3    -1.00281  -2.15088   0.00021   0.00026     -2.396   -2.053    0.060    0.075   2011.197    1   2.373
S2-21        13.5    -1.60607  -1.67865   0.00024   0.00022      9.543   -3.841    0.054    0.061   2011.360    1   2.323
S2-55        15.3     0.90933  -2.19173   0.00019   0.00036      3.476    0.352    0.034    0.097   2011.971    1   2.373
S2-57        14.4    -1.13775  -2.08202   0.00029   0.00038      8.721    4.047    0.090    0.123   2011.548    1   2.373
S2-58        14.1     2.14304  -1.11596   0.00027   0.00025     -0.758    6.508    0.109    0.069   2011.792    1   2.416
S2-24        13.8    -2.33629  -0.88937   0.00025   0.00023     -0.365    0.796    0.075    0.063   2011.065    1   2.500
S2-25        13.9     0.76265  -2.41998   0.00023   0.00026      2.687    3.354    0.067    0.060   2011.363    1   2.537
S2-67        13.6    -2.46693  -0.89073   0.00023   0.00024      3.675   -6.400    0.053    0.060   2011.194    1   2.623
S2-69        14.7    -0.88405   2.56465   0.00029   0.00028     -1.539    5.163    0.061    0.068   2011.887    1   2.713
S2-75        14.5     2.63361  -0.84453   0.00017   0.00024     -0.359    4.851    0.042    0.070   2011.753    1   2.766
S2-74        13.3     0.10405   2.77889   0.00020   0.00026     -8.691    1.078    0.056    0.054   2011.381    1   2.781
S2-31        13.1     2.75420  -0.19120   0.00013   0.00021     -6.806    1.247    0.034    0.062   2011.068    1   2.761
S2-78        13.8    -2.81922  -0.28139   0.00021   0.00051     -1.765    0.597    0.052    0.098   2011.203    1   2.833
S2-277       14.9    -2.43470  -1.43557   0.00026   0.00043      3.025    0.885    0.055    0.107   2012.016    1   2.826
S2-81        15.4     1.97399  -2.03099   0.00028   0.00042     -0.848    3.719    0.089    0.152   2012.811    1   2.832
S2-29        15.4     1.95126  -2.16334   0.00029   0.00025      0.876   -2.272    0.111    0.047   2011.539    1   2.913
S2-85        12.3    -1.29784   2.66869   0.00019   0.00025     -5.100   -3.390    0.047    0.064   2011.248    1   2.968
S2-32        12.2     1.12425   2.78442   0.00025   0.00026     -0.234    1.526    0.069    0.056   2011.220    1   3.003
S3-51        15.2    -0.14439   3.02722   0.00037   0.00030      0.741    1.281    0.128    0.057   2012.077    1   3.031
irs16NE       9.1     2.89890   0.94546   0.00023   0.00023      2.886   -9.270    0.063    0.063   2011.064    1   3.049
S3-2         12.0     3.09103   0.55109   0.00016   0.00021      4.283    0.893    0.037    0.059   2011.275    1   3.140
S3-4         14.8     3.06768  -0.47007   0.00017   0.00029     -2.504    5.512    0.056    0.068   2011.530    1   3.103
S3-3         15.2     3.09327  -0.64034   0.00035   0.00051      3.601    3.993    0.103    0.096   2010.804    1   3.159
S3-88        14.4    -0.84648  -2.99451   0.00038   0.00035      1.528    3.216    0.140    0.097   2011.455    1   3.112
S3-5         12.0     2.96289  -1.14452   0.00017   0.00013      2.775    4.625    0.055    0.038   2011.339    1   3.176
irs33E       10.3     0.71327  -3.13839   0.00017   0.00025      6.774   -1.278    0.054    0.068   2011.051    1   3.218
S3-17        13.7    -1.39161   2.85398   0.00040   0.00046      6.402    1.775    0.128    0.127   2011.481    1   3.175
S3-20        14.6     1.58313  -2.78542   0.00015   0.00026     -0.421    0.955    0.031    0.067   2011.560    1   3.204
S3-19        12.1    -1.53811  -2.79905   0.00027   0.00024      8.038   -1.745    0.073    0.065   2011.128    1   3.194
S3-6         12.9     3.23432  -0.05800   0.00017   0.00022      1.388   -7.557    0.051    0.074   2011.059    1   3.235
S3-22        11.3    -0.33596  -3.21199   0.00020   0.00025      3.266   -1.370    0.048    0.069   2010.895    1   3.230
S3-7         13.7     1.91944  -2.61270   0.00020   0.00021     -0.855   -0.736    0.064    0.059   2011.330    1   3.242
S3-25        13.9     1.39594   2.95432   0.00026   0.00024     -7.033    0.386    0.080    0.070   2011.613    1   3.268
S3-134       14.0    -1.38686  -3.01379   0.00027   0.00033      1.691    1.668    0.065    0.074   2011.290    1   3.318
S3-136       14.8    -3.03167  -1.41972   0.00035   0.00051     -3.689    0.071    0.080    0.124   2011.159    1   3.348
S3-26        12.5    -2.56654  -2.07067   0.00023   0.00021      5.970    1.494    0.066    0.066   2011.080    1   3.298
S3-149       13.3    -2.89867   1.71488   0.00024   0.00028      2.778    6.782    0.047    0.088   2011.241    1   3.368
S3-153       15.7     1.58907   2.98700   0.00058   0.00051     -3.689    3.071    0.130    0.165   2012.992    1   3.383
S3-28        13.9    -0.82536   3.22333   0.00020   0.00025      8.241   -5.030    0.051    0.065   2011.016    1   3.327
S3-27        14.0    -0.32777   3.31483   0.00020   0.00036     -1.225   -6.078    0.055    0.082   2011.328    1   3.331
S3-155       15.3    -1.84223  -2.82797   0.00045   0.00068      0.556    2.049    0.152    0.195   2011.721    1   3.375
S3-156       13.2     0.41980  -3.36902   0.00021   0.00037     -1.611   -2.052    0.059    0.111   2011.570    1   3.395
irs13E1      10.8    -2.98136  -1.66198   0.00022   0.00023     -3.655   -2.667    0.073    0.069   2011.091    1   3.413
S3-29        13.7     1.43603  -3.07458   0.00024   0.00028      2.110    1.891    0.083    0.087   2010.611    1   3.393
S3-30        12.5     1.65957  -2.93365   0.00024   0.00018     -0.800    4.070    0.078    0.047   2010.691    1   3.371
S3-32        15.3     2.85365  -1.76513   0.00054   0.00027     -8.565    0.289    0.169    0.070   2011.546    1   3.355
S3-172       15.3     3.39085  -0.58539   0.00038   0.00059      1.163   -0.291    0.154    0.148   2009.812    1   3.441
S3-187       14.6    -3.40285  -0.74656   0.00015   0.00031     -1.142   -0.512    0.032    0.078   2011.104    1   3.484
S3-190       14.3    -3.19319   1.40761   0.00028   0.00034     -2.895   -3.163    0.058    0.088   2011.346    1   3.490
S3-198       13.6     0.65134   3.44763   0.00023   0.00023     -0.163   -1.588    0.067    0.063   2011.201    1   3.509
S3-35        13.8    -1.21310   3.27852   0.00023   0.00035     -4.113   -4.864    0.073    0.118   2011.012    1   3.496
S3-10        12.2     3.33877  -1.10095   0.00015   0.00016     -0.339    5.158    0.042    0.046   2011.517    1   3.516
S3-11        15.0     2.96341  -1.90009   0.00027   0.00029     -0.199    2.832    0.081    0.090   2011.744    1   3.520
irs13E4      12.0    -3.24367  -1.40763   0.00048   0.00023     -5.703    1.235    0.166    0.068   2010.592    1   3.536
S3-207       13.9     1.55071   3.21150   0.00027   0.00018      2.628    2.569    0.085    0.065   2010.816    1   3.566
S3-36        14.7     3.47245  -0.81067   0.00025   0.00034      1.255    1.880    0.068    0.083   2010.843    1   3.566
S3-216       15.1    -3.13817   1.67778   0.00035   0.00036      1.520    3.535    0.112    0.103   2011.738    1   3.559
S3-223       15.0     1.28760  -3.36417   0.00056   0.00053      1.727   -0.521    0.108    0.133   2011.035    1   3.602
irs13E2      10.8    -3.20983  -1.72940   0.00023   0.00024     -6.482    0.756    0.074    0.066   2011.052    1   3.646
S3-37        14.9     3.42012   1.36159   0.00029   0.00054      3.656    2.303    0.096    0.109   2011.334    1   3.681
S3-39        13.5     3.55308   1.07954   0.00028   0.00024     -2.486   -2.008    0.082    0.048   2011.860    1   3.713
S3-284       13.8    -2.56664   2.71122   0.00022   0.00027      1.588   -0.219    0.062    0.070   2011.125    1   3.733
S3-286       15.3     3.39881  -1.51513   0.00022   0.00027     -3.805    2.597    0.063    0.066   2012.208    1   3.721
S3-288       14.2    -2.77744   2.53549   0.00027   0.00032     -2.833   -0.230    0.077    0.089   2011.326    1   3.761
S3-291       12.3    -3.52719  -1.25252   0.00018   0.00025      3.933    2.202    0.054    0.071   2010.889    1   3.743
S3-314       15.4     3.84284  -0.08132   0.00034   0.00048      2.864    3.481    0.111    0.124   2012.024    1   3.844
S3-319       15.3     3.57475  -1.45193   0.00020   0.00045      1.738   -8.278    0.063    0.152   2011.119    1   3.858
S3-331       13.6    -1.21876   3.65878   0.00023   0.00025      5.988    4.185    0.065    0.071   2011.264    1   3.856
S3-364       14.5    -0.97519   3.79606   0.00038   0.00031     -8.177   -0.981    0.081    0.061   2011.980    1   3.919
S3-13        13.4     3.84175   0.98969   0.00017   0.00021      2.508    9.010    0.049    0.061   2011.291    1   3.967
S3-370       13.7    -0.28342  -3.90887   0.00019   0.00023      0.566    4.338    0.045    0.061   2011.249    1   3.919
S3-374       12.6    -2.75515  -2.85584   0.00020   0.00020     -0.294   -4.369    0.067    0.056   2010.986    1   3.968
S3-383       15.4     3.91781  -0.54948   0.00039   0.00030     -2.150    3.449    0.125    0.056   2012.053    1   3.956
S4-1         13.2     3.99552  -0.36207   0.00016   0.00017     -4.679    0.595    0.043    0.038   2011.249    1   4.012
S4-24        13.9    -0.71924   4.00245   0.00028   0.00023      2.477    1.589    0.090    0.057   2011.333    1   4.067
S4-36        12.6    -3.69998   1.77216   0.00030   0.00030     -4.887   -4.694    0.060    0.086   2011.205    1   4.102
S4-2         12.5     3.76471   1.64962   0.00019   0.00020      1.736   -1.939    0.049    0.060   2010.880    1   4.110
S4-46        14.6     3.84011  -1.47600   0.00019   0.00029     -1.645    2.112    0.050    0.068   2011.362    1   4.114
S4-50        15.7     3.08152   2.76106   0.00027   0.00065     -1.095    2.849    0.113    0.196   2011.385    1   4.138
S4-51        15.5     3.17377   2.62903   0.00023   0.00040     -5.775    3.830    0.048    0.143   2011.157    1   4.121
S4-56        15.3    -0.98792   3.98568   0.00053   0.00062      3.205   -1.751    0.133    0.187   2012.310    1   4.106
S4-59        13.8    -3.15218   2.64487   0.00033   0.00033      1.984    0.019    0.096    0.083   2011.104    1   4.115
S4-71        12.4     0.77097  -4.09763   0.00020   0.00022      0.022   -4.566    0.065    0.060   2011.294    1   4.170
S4-82        15.6     2.63600   3.26983   0.00048   0.00025      5.313    0.036    0.124    0.061   2012.283    1   4.200
S4-3         12.9     4.22323   0.12643   0.00016   0.00021      3.687    1.530    0.039    0.067   2011.079    1   4.225
S4-98        15.0    -4.12628  -0.89093   0.00026   0.00033     -2.593    5.556    0.056    0.081   2011.886    1   4.221
S4-103       15.3     4.20953  -0.36771   0.00031   0.00047     -0.472   -3.116    0.076    0.125   2011.987    1   4.226
S4-112       13.9     2.24268  -3.60653   0.00024   0.00029      0.058    2.136    0.078    0.061   2011.264    1   4.247
S4-6         12.8     3.28579  -2.75284   0.00018   0.00013      2.342   -2.886    0.059    0.024   2011.217    1   4.287
S4-129       12.1     3.69829  -2.22110   0.00017   0.00011      3.208    4.028    0.046    0.034   2011.035    1   4.314
S4-4         12.0     3.60716  -2.44443   0.00016   0.00015      1.954   -6.237    0.047    0.041   2010.758    1   4.357
S4-139       14.5     2.39651  -3.61903   0.00027   0.00046     -4.539   -1.371    0.092    0.143   2011.592    1   4.341
S4-140       15.5     3.16753   2.98359   0.00038   0.00042     -5.031    2.927    0.142    0.126   2011.412    1   4.351
S4-143       13.5     2.90497  -3.24622   0.00023   0.00020      1.614    2.884    0.073    0.054   2011.501    1   4.356
irs34W       11.4    -4.07102   1.54565   0.00031   0.00022     -2.098   -5.604    0.069    0.066   2011.189    1   4.355
S4-158       14.2    -0.84883  -4.34019   0.00022   0.00036      4.656   -3.991    0.047    0.121   2011.844    1   4.422
S4-161       13.6     4.41722  -0.25391   0.00014   0.00017      1.429    2.275    0.040    0.047   2011.009    1   4.425
S4-164       15.7     3.75382   2.32344   0.00046   0.00052      0.291   -4.235    0.075    0.189   2012.287    1   4.415
S4-168       14.1    -1.90934   3.96403   0.00027   0.00028      3.049   -2.738    0.087    0.073   2011.302    1   4.400
S4-169       13.5     4.40798   0.28163   0.00016   0.00022     -2.533    3.951    0.049    0.053   2011.348    1   4.417
S4-170       14.3    -0.57360  -4.41790   0.00032   0.00045     -2.550   -2.345    0.057    0.128   2012.089    1   4.455
S4-172       15.2     3.08770  -3.16562   0.00030   0.00032     -8.873   -1.139    0.068    0.085   2011.084    1   4.422
irs3E        11.3    -2.32250   3.81335   0.00019   0.00018      5.023    0.796    0.068    0.055   2011.078    1   4.465
S4-176       15.2     4.26072   1.40621   0.00023   0.00061      0.620    2.079    0.052    0.160   2012.156    1   4.487
S4-180       13.2    -4.28601  -1.33161   0.00032   0.00026     -0.632   -3.141    0.097    0.069   2011.168    1   4.488
S4-197       14.2    -2.54507  -3.70405   0.00025   0.00026      7.367    3.540    0.063    0.062   2010.861    1   4.494
S4-207       11.4    -4.05248  -2.07696   0.00020   0.00023      1.405   -1.435    0.057    0.063   2011.096    1   4.554
S4-221       14.3     2.70160  -3.77333   0.00022   0.00025      6.541   -4.722    0.065    0.094   2011.857    1   4.641
S4-229       14.0    -4.18757   1.94085   0.00037   0.00028     -0.400    0.758    0.059    0.066   2011.634    1   4.615
S4-258       12.8    -4.40625  -1.63028   0.00032   0.00026     -4.377    1.639    0.086    0.075   2011.144    1   4.698
irs34NW      13.5    -3.78267   2.82083   0.00030   0.00028     -5.429   -4.085    0.075    0.059   2010.971    1   4.719
S4-287       13.8     0.13880  -4.76790   0.00025   0.00027      2.888    1.246    0.075    0.089   2011.534    1   4.770
S4-295       15.2    -3.08178   3.66805   0.00028   0.00051      3.224    1.562    0.089    0.135   2011.793    1   4.791
S4-314       15.3     4.40972  -2.02635   0.00022   0.00066     -0.205    2.163    0.061    0.197   2012.389    1   4.853
S4-315       14.9     4.81535   0.84243   0.00018   0.00041      3.012   -3.154    0.045    0.137   2011.751    1   4.888
S4-319       14.0     4.68660  -1.37844   0.00022   0.00027      2.277    1.431    0.065    0.100   2011.167    1   4.885
S4-342       13.8     3.06683   3.85731   0.00019   0.00025      0.827   -3.196    0.041    0.052   2011.946    1   4.928
S4-344       12.8    -1.43600  -4.71958   0.00029   0.00029     -1.005    1.408    0.094    0.080   2011.277    1   4.933
S4-352       14.6    -4.88026  -0.88743   0.00035   0.00036      2.028   -1.891    0.059    0.116   2011.344    1   4.960
S5-12        14.9    -4.27287  -2.62507   0.00044   0.00032      1.631    5.686    0.144    0.076   2011.698    1   5.015
S5-31        14.8    -4.33318   2.65339   0.00045   0.00051      3.143    1.301    0.108    0.128   2011.926    1   5.081
S5-34        13.8    -4.33742  -2.74519   0.00033   0.00029     -3.341   -2.429    0.082    0.074   2010.872    1   5.133
S5-43        14.3     1.83962  -4.79707   0.00027   0.00023     -1.560   -2.199    0.093    0.075   2011.454    1   5.138
S5-47        13.3     2.86925   4.30926   0.00021   0.00018      0.307    5.019    0.058    0.049   2011.401    1   5.177
S5-69        10.1    -5.15722   0.81769   0.00038   0.00022      2.829    6.299    0.094    0.052   2011.132    1   5.222
S5-71        14.0    -1.74754  -4.94467   0.00022   0.00034      1.212   -1.308    0.062    0.097   2011.239    1   5.244
S5-83        14.5     5.19643  -0.95429   0.00022   0.00014     -3.298   -5.761    0.074    0.035   2011.727    1   5.283
S5-89        11.0    -0.77850  -5.24598   0.00021   0.00024      9.284    0.536    0.043    0.061   2011.650    1   5.303
S5-92        13.6     4.28332   3.16003   0.00024   0.00026     -2.324   -2.878    0.066    0.079   2010.619    1   5.323
S5-94        15.2     4.91972   2.13066   0.00023   0.00064      0.996    6.157    0.055    0.173   2011.587    1   5.361
S5-95        13.5    -1.94552  -4.99490   0.00030   0.00037     -3.321   -3.738    0.105    0.109   2010.940    1   5.360
S5-99        14.7     4.61861  -2.73949   0.00025   0.00027      5.490   -0.428    0.058    0.061   2011.298    1   5.370
S5-115       13.9    -5.16325  -1.54887   0.00036   0.00040      4.922    5.038    0.098    0.094   2011.035    1   5.391
S5-131       15.2     4.88756  -2.53970   0.00028   0.00054      5.661    3.641    0.067    0.141   2012.451    1   5.508
S5-134       13.5    -0.53484  -5.45537   0.00042   0.00039     -2.099    4.638    0.138    0.102   2011.484    1   5.482
S5-141       15.2     4.33740  -3.40725   0.00020   0.00042     -3.299    4.133    0.058    0.168   2011.440    1   5.516
S5-145       14.1    -0.57898  -5.54149   0.00038   0.00027     -7.109    0.297    0.118    0.077   2011.606    1   5.572
S5-155       15.5     4.71791   3.01207   0.00047   0.00054     -2.622   -3.353    0.137    0.140   2011.936    1   5.597
S5-168       14.1     4.36850   3.61517   0.00025   0.00023     -2.413   -0.519    0.065    0.057   2011.459    1   5.670
S5-174       14.4    -4.16402  -3.94157   0.00039   0.00041     -8.148    2.079    0.144    0.112   2011.043    1   5.734
S5-183       11.4     4.58622  -3.44662   0.00018   0.00016     -4.553   -2.021    0.050    0.038   2011.364    1   5.737
S5-231       12.2     5.81326   0.11535   0.00018   0.00018     -0.138    6.510    0.039    0.044   2011.992    1   5.814
S5-185       13.8     3.00209  -4.91793   0.00023   0.00026     -5.591    1.357    0.081    0.087   2010.889    1   5.762
S5-187       13.3    -1.71298  -5.55070   0.00022   0.00030     -0.909   -4.174    0.065    0.098   2010.996    1   5.809
S5-191       12.9     3.17981  -4.89063   0.00024   0.00023     -1.504   -3.813    0.076    0.064   2011.281    1   5.833
S5-196       15.5    -4.59539   3.58080   0.00050   0.00045      0.183   -5.188    0.181    0.126   2011.741    1   5.826
S5-198       14.6     0.51584  -5.81185   0.00033   0.00030      4.284    2.936    0.100    0.108   2011.727    1   5.835
S5-199       14.2    -4.20296  -4.08259   0.00032   0.00039      0.062   -1.116    0.106    0.111   2011.344    1   5.859
S5-202       14.1    -0.50609  -5.85064   0.00041   0.00031      5.348   -1.580    0.160    0.075   2010.856    1   5.872
S5-205       14.1    -0.91580  -5.80585   0.00017   0.00027     -1.214    1.632    0.063    0.083   2011.476    1   5.878
S5-211       13.1     4.45448  -3.89468   0.00018   0.00023     -0.582    4.291    0.063    0.082   2011.730    1   5.917
S5-213       12.7     4.98049  -3.25682   0.00017   0.00017      1.128    0.952    0.052    0.045   2011.285    1   5.951
S6-3         13.7    -0.01319  -6.00830   0.00018   0.00049     -2.111    3.242    0.046    0.189   2010.995    1   6.008
S6-12        11.3    -0.20581  -6.07975   0.00017   0.00022     -0.334    2.356    0.041    0.065   2011.158    1   6.083
S6-24        14.3     5.09717   3.59352   0.00020   0.00028      3.466    1.939    0.036    0.098   2011.411    1   6.237
S6-25        13.7     0.71098  -6.17929   0.00027   0.00025     -3.145   -4.580    0.090    0.065   2011.039    1   6.220
S6-27        12.1     4.07505  -4.67322   0.00018   0.00013     -0.857    3.325    0.058    0.030   2011.329    1   6.200
S6-35        12.5    -4.91044  -3.97413   0.00040   0.00032     -1.209   -5.575    0.114    0.088   2011.093    1   6.317
irs9W        12.2     2.90292  -5.58576   0.00021   0.00020      5.442    3.421    0.070    0.064   2011.102    1   6.295
S6-39        14.1     2.51468  -5.79643   0.00029   0.00028      0.819   -5.115    0.098    0.096   2010.325    1   6.318
S6-49        14.3    -2.84345  -5.77955   0.00021   0.00040      3.772   -7.546    0.071    0.091   2011.206    1   6.441
S6-51        15.5     4.98144   4.07902   0.00047   0.00033     -2.627    1.015    0.134    0.090   2012.777    1   6.438
S6-58        13.2     3.21890  -5.64235   0.00019   0.00017      0.441    5.761    0.065    0.029   2010.678    1   6.496
S6-63        11.2     1.87246  -6.30552   0.00022   0.00018      5.912    1.653    0.073    0.057   2011.258    1   6.578
S6-64        14.5    -3.03938  -5.86523   0.00038   0.00045      1.282   -4.583    0.126    0.119   2011.074    1   6.606
S6-71        14.8     5.24587   4.31403   0.00021   0.00031     -3.858    1.942    0.050    0.088   2011.374    1   6.792
S6-76        13.4     5.17482  -4.52341   0.00014   0.00019     -1.129    0.351    0.043    0.052   2011.652    1   6.873
S6-78        15.1     4.36304  -5.38796   0.00042   0.00046     -5.595   -3.132    0.147    0.153   2012.582    1   6.933
S6-81        11.1     6.35309   0.27247   0.00020   0.00023     -2.685    5.064    0.048    0.051   2010.344    1   6.359
S6-82        13.5     6.72154  -0.45752   0.00022   0.00047      1.669    4.902    0.068    0.163   2011.289    1   6.737
S6-83        10.5     6.91954   0.88775   0.00020   0.00011      2.100   -2.132    0.061    0.037   2011.371    1   6.976
S6-84        10.8     6.96623  -0.21043   0.00016   0.00010      0.632   -2.405    0.040    0.024   2011.328    1   6.969
S6-85        12.2     6.23522  -1.43047   0.00019   0.00021      2.717    4.037    0.048    0.057   2011.167    1   6.397
S6-86        12.4     5.75982   2.17894   0.00019   0.00016     -1.293   -4.074    0.050    0.046   2011.082    1   6.158
S7-3         14.1     4.17631  -5.79358   0.00019   0.00033      2.224    2.868    0.072    0.128   2011.626    1   7.142
S7-8         10.3     7.05943   1.85818   0.00016   0.00015      3.834    1.141    0.045    0.048   2011.322    1   7.300
S7-5         12.0     4.86239  -5.51783   0.00017   0.00011      2.421    5.216    0.056    0.031   2011.319    1   7.355
S9-1         12.7     9.44432   0.26889   0.00017   0.00018     -2.548   -2.991    0.033    0.086   2010.435    1   9.448
S9-2         13.3     6.93641  -6.41851   0.00023   0.00020      2.363   -0.237    0.071    0.058   2011.398    1   9.450
S10-169      15.4     8.90930   5.19852   0.00031   0.00024     -1.007    2.629    0.093    0.060   2012.014    1  10.315
S10-1         9.8    10.53065   1.24022   0.00010   0.00011      0.377    1.773    0.023    0.023   2011.639    1  10.603
S11-1        11.7    11.32318  -0.45928   0.00011   0.00018      2.196   -0.850    0.025    0.040   2011.290    1  11.332
S11-2        12.7    11.66216  -2.10344   0.00015   0.00021      0.072   -5.323    0.037    0.069   2011.250    1  11.850
S11-3        11.6    11.45282  -0.57625   0.00012   0.00019      4.461    0.040    0.025    0.042   2011.255    1  11.467
S12-1        10.2    11.55519   3.76126   0.00010   0.00019      0.744   -2.072    0.023    0.050   2011.252    1  12.152
S12-2        10.8    11.09632  -6.57207   0.00021   0.00018     -1.448    1.618    0.067    0.050   2011.023    1  12.897
S12-3        10.8    12.09188  -0.97994   0.00012   0.00017     -4.614   -0.772    0.020    0.046   2011.250    1  12.132
S13-1        11.9    13.95607  -0.66591   0.00021   0.00021     -0.928   -7.619    0.063    0.057   2011.079    1  13.972
S15-1        11.9    15.23658  -0.45368   0.00029   0.00028      3.075    4.420    0.091    0.116   2011.048    1  15.243
irs7          7.4     0.03484   5.50353   0.00023   0.00025     -0.051   -4.715    0.076    0.067   2011.005    1   5.504
irs10EE      11.3     7.68418   4.18932   0.00009   0.00012      0.034   -1.997    0.024    0.037   2011.095    1   8.752
irs9          9.1     5.68940  -6.32190   0.00009   0.00016      3.122    2.372    0.027    0.042   2011.090    1   8.505
irs12N        9.6    -3.26808  -6.92227   0.00005   0.00007     -1.123   -2.775    0.009    0.017   2011.091    1   7.655
irs28         9.4    10.48758  -5.85433   0.00008   0.00014      1.446   -5.531    0.024    0.036   2011.633    1  12.011
irs10W       11.4     6.48584   5.17381   0.00045   0.00041     -0.821    4.838    0.129    0.117   2010.761    1   8.297
irs15NE      11.0     1.20323  11.24799   0.00005   0.00006     -1.869   -5.743    0.014    0.016   2010.951    1  11.312
irs1SE       10.4     7.52096  -0.42571   0.00016   0.00013      1.679    2.570    0.041    0.029   2011.141    1   7.533
irs15SW      10.7    -0.62341  11.70224   0.00025   0.00043     -2.527    0.756    0.054    0.112   2011.703    1  11.719
irs1NE       10.8     7.67049   1.55568   0.00019   0.00016     -0.941   -3.415    0.054    0.049   2011.393    1   7.827
irs14NE       9.8     0.92320  -8.14371   0.00019   0.00027      3.892   -3.170    0.067    0.100   2010.912    1   8.196
irs2         10.6    -3.70179  -4.72366   0.00022   0.00020     -1.835   -5.755    0.065    0.049   2011.069    1   6.001
irs17         8.7    13.13777   5.55568   0.00009   0.00019     -1.162   -0.878    0.012    0.038   2011.123    1  14.264
irs14SW      10.2    -0.19512  -8.91692   0.00041   0.00051      0.636    4.874    0.100    0.198   2010.902    1   8.919
S9-3         10.5    -3.39918  -8.51056   0.00025   0.00027     -0.749    5.060    0.093    0.109   2011.210    1   9.164
S11-4        10.6    -2.83741  11.26340   0.00031   0.00038      1.849    0.717    0.067    0.101   2011.279    1  11.615
S8-2         10.7    -2.27067   8.47856   0.00020   0.00032     -2.995    3.588    0.046    0.088   2010.851    1   8.777
S9-4         10.6     8.61432   4.12917   0.00015   0.00019      3.847    0.904    0.045    0.049   2011.335    1   9.553
S10-3        10.6    -3.42361   9.62492   0.00018   0.00032     -3.070   -0.942    0.038    0.081   2011.236    1  10.216
S7-9         11.1    -5.67887   5.60823   0.00049   0.00027      3.412    3.297    0.109    0.067   2010.638    1   7.981
S8-4         11.2    -0.02120   8.56376   0.00024   0.00025     -0.415    3.556    0.057    0.061   2011.272    1   8.564
S12-4        11.1    -4.34578  11.24444   0.00034   0.00044      1.271    5.510    0.079    0.122   2011.210    1  12.055
S9-5         11.2     0.56496   9.12702   0.00018   0.00028     -1.067   -6.767    0.038    0.072   2011.337    1   9.144
S10-4        11.3     0.07095  10.25106   0.00032   0.00029     -1.932    1.134    0.067    0.071   2011.324    1  10.251
S7-10        11.5    -1.11689   7.62181   0.00024   0.00031     -4.475   -2.303    0.042    0.074   2011.326    1   7.703
S12-5        11.5    10.89120   6.67138   0.00014   0.00029      0.173   -0.044    0.041    0.089   2011.336    1  12.772
S12-6        11.3     7.08808  10.01797   0.00019   0.00031     -2.740   -1.561    0.035    0.073   2011.283    1  12.272
S14-2        11.1    13.63777  -5.01920   0.00021   0.00033      3.282   -2.068    0.062    0.058   2011.386    1  14.532
S8-5         11.2    -3.47988  -7.50636   0.00018   0.00025     -1.099    4.552    0.059    0.075   2011.117    1   8.274
S9-6         11.6     0.76017  -9.32619   0.00028   0.00033      1.503    1.622    0.099    0.097   2010.773    1   9.357
S9-7         11.4     8.67023   3.81074   0.00015   0.00018     -4.299   -5.317    0.045    0.045   2011.418    1   9.471
S9-8         11.6     8.09317   4.32770   0.00014   0.00018     -1.985   -2.303    0.041    0.047   2011.380    1   9.178
S9-9         11.9     5.64939  -8.19190   0.00016   0.00018     -1.105   -2.000    0.040    0.061   2010.663    1   9.951
S15-2        11.6    15.43732   3.16800   0.00027   0.00021     -4.394    0.371    0.096    0.034   2011.287    1  15.759
S6-87        11.7     4.32504   5.31218   0.00020   0.00023     -0.600   -1.103    0.040    0.062   2011.419    1   6.850
S4-364       11.9     2.24801   4.46390   0.00016   0.00021      6.856   -2.968    0.040    0.057   2011.099    1   4.998
S13-2        11.9    11.88598   6.99449   0.00016   0.00022     -2.041   -2.118    0.036    0.063   2011.283    1  13.791
S13-3        11.7    11.90198   5.93557   0.00012   0.00029      1.090    2.929    0.023    0.090   2011.431    1  13.300
S10-5        11.9    -1.57802  10.02748   0.00030   0.00040     -1.172   -1.727    0.071    0.102   2011.340    1  10.151
S11-5        11.8     1.36678  11.69535   0.00023   0.00029     -0.520    2.218    0.045    0.069   2011.362    1  11.775
S5-232       11.9     0.88143   5.83021   0.00026   0.00031     -2.416    3.223    0.079    0.082   2011.316    1   5.896
S9-10        11.9    -0.54607   9.73088   0.00024   0.00036      0.177    0.130    0.071    0.115   2010.579    1   9.746
S7-11        11.9    -0.58204  -7.39728   0.00030   0.00028     -4.216   -4.414    0.093    0.073   2012.034    1   7.420
S6-89        12.0     5.44649   3.00507   0.00020   0.00024      2.606   -6.361    0.057    0.076   2009.425    1   6.221
S15-3        11.9    15.28276   2.23834   0.00023   0.00019     -0.535   -1.594    0.061    0.033   2011.229    1  15.446
S8-6         12.0     3.68971   7.24398   0.00024   0.00034      3.576    3.533    0.043    0.100   2011.030    1   8.130
S8-7         12.1    -3.67320  -7.42201   0.00019   0.00025      4.546   -0.437    0.052    0.070   2011.072    1   8.281
S12-7        11.9     5.84424  11.60456   0.00019   0.00030      3.908   -0.021    0.039    0.075   2011.248    1  12.993
S8-8         11.9     5.25690  -7.06874   0.00023   0.00017      0.286    0.745    0.079    0.058   2011.507    1   8.809
S11-6        12.0     4.47456  11.03901   0.00017   0.00035     -1.743    1.225    0.039    0.090   2011.479    1  11.911
S8-9         12.0     3.97841  -7.35238   0.00023   0.00015      2.414   -6.463    0.085    0.039   2011.421    1   8.360
S6-90        12.4    -3.95143   4.90564   0.00026   0.00027      0.276   -3.800    0.062    0.071   2011.274    1   6.299
S11-7        12.0     9.48919   6.42229   0.00026   0.00036      1.603    0.001    0.100    0.099   2012.346    1  11.458
S8-10        12.2     6.96210   5.19001   0.00018   0.00025      3.276   -3.068    0.044    0.080   2011.125    1   8.684
S4-365       12.4     1.45262   4.71477   0.00019   0.00020     -0.797    4.473    0.052    0.049   2011.447    1   4.933
S10-6        12.2     9.47160   4.94257   0.00015   0.00021     -2.933    5.433    0.040    0.059   2011.370    1  10.684
S11-8        12.3    10.87595   3.24603   0.00014   0.00021     -1.702   -2.985    0.033    0.048   2010.666    1  11.350
S5-233       12.4     5.59044   0.68376   0.00019   0.00017     -1.325    4.760    0.056    0.052   2011.348    1   5.632
S6-91        12.6     3.04801   6.28419   0.00048   0.00016      3.503    3.096    0.111    0.078   2009.519    1   6.984
S7-12        12.3     3.94077  -6.87121   0.00023   0.00015      1.318    2.461    0.085    0.041   2011.589    1   7.921
S15-5        12.7    12.68704   9.00273   0.00018   0.00030     -3.508   -0.716    0.049    0.069   2011.157    1  15.557
S13-4        12.3    13.17367   0.33102   0.00017   0.00024     -0.265    1.706    0.037    0.057   2011.385    1  13.178
S10-7        12.5     9.70919   4.40883   0.00016   0.00037     -0.559   -4.341    0.043    0.116   2010.824    1  10.663
S8-12        12.6     7.97530   2.53033   0.00012   0.00027      0.636    2.419    0.033    0.072   2011.597    1   8.367
S11-9        12.6     2.34733  11.12423   0.00019   0.00033      2.608   -1.149    0.035    0.082   2011.339    1  11.369
S7-14        12.6     1.01220   7.44471   0.00025   0.00028      2.108    1.926    0.058    0.069   2011.357    1   7.513
S7-15        12.6    -0.16836  -7.24727   0.00022   0.00027     -3.482   -2.354    0.063    0.096   2010.922    1   7.249
S7-16        12.6     1.62909  -7.22748   0.00019   0.00019      2.077    3.622    0.058    0.061   2011.330    1   7.409
S8-13        12.4     2.49484  -7.69718   0.00026   0.00022     -2.718    1.572    0.097    0.071   2011.227    1   8.091
S6-92        12.5    -5.82843  -3.14498   0.00048   0.00045      5.240    0.743    0.103    0.105   2011.214    1   6.623
S8-14        12.6     3.78198   7.16509   0.00023   0.00034      3.719    1.252    0.048    0.094   2011.146    1   8.102
S14-4        12.4    14.59134   1.47049   0.00020   0.00022     -0.632    0.376    0.042    0.073   2011.362    1  14.665
S6-93        12.7     4.46669   4.95983   0.00020   0.00022      5.075   -1.312    0.043    0.056   2011.559    1   6.675
S4-366       12.8    -0.86272   4.76395   0.00024   0.00030     -0.792   -2.317    0.047    0.080   2011.466    1   4.841
S11-10       12.5     8.15419   8.16143   0.00019   0.00025     -0.540    0.547    0.055    0.057   2011.359    1  11.537
S5-234       12.6     5.70521   0.55765   0.00017   0.00021     -1.564   -4.424    0.049    0.062   2011.202    1   5.732
S7-17        12.9    -5.92609  -3.76760   0.00037   0.00030     -0.552    1.411    0.106    0.076   2011.109    1   7.022
S9-11        12.6     9.44763   1.03070   0.00017   0.00017      1.090   -1.520    0.040    0.054   2011.281    1   9.504
S12-9        12.7     3.67310  11.56125   0.00023   0.00038     -2.373   -7.319    0.063    0.099   2011.127    1  12.131
S9-12        13.0    -1.57457   9.73518   0.00030   0.00037      2.916    1.798    0.064    0.094   2011.335    1   9.862
S9-13        13.2    -3.01178   8.82335   0.00022   0.00040      2.673    3.270    0.054    0.089   2011.013    1   9.323
S6-94        13.1    -2.99432   5.44218   0.00018   0.00030     -2.296   -1.202    0.048    0.083   2011.235    1   6.212
S10-8        12.8     7.64518  -7.49476   0.00025   0.00017      2.478    0.870    0.084    0.053   2011.322    1  10.706
S8-15        13.2    -1.61126   8.02733   0.00026   0.00033     -2.914   -3.121    0.046    0.086   2011.252    1   8.187
S9-14        12.9     8.01476  -5.49159   0.00023   0.00022     -2.703    6.153    0.067    0.047   2011.356    1   9.716
S7-18        13.1    -5.51922  -5.54444   0.00036   0.00037     -0.531    5.155    0.092    0.098   2010.580    1   7.823
S13-5        13.0     8.92069  10.64488   0.00017   0.00039      0.980   -0.276    0.037    0.088   2011.463    1  13.889
S10-9        12.9     5.02691   9.54587   0.00019   0.00042      1.030    4.094    0.040    0.114   2011.528    1  10.789
S11-12       13.1     0.02005  11.67612   0.00024   0.00035     -1.284   -1.584    0.045    0.099   2010.979    1  11.676
S9-15        12.9     9.03513   0.43174   0.00020   0.00020      2.642    2.873    0.064    0.073   2011.558    1   9.045
S11-13       12.9     7.41086  -8.85785   0.00020   0.00024     -4.158   -1.837    0.064    0.089   2011.046    1  11.549
S11-14       13.1     6.13285   9.18649   0.00021   0.00027     -2.610   -2.539    0.059    0.079   2010.980    1  11.046
S13-6        12.9    12.42890  -4.33110   0.00022   0.00019     -3.013   -3.760    0.056    0.053   2011.495    1  13.162
S13-7        12.7    12.70910  -4.42485   0.00022   0.00020     -0.310    1.245    0.075    0.053   2010.844    1  13.457
S7-19        13.3    -3.77374   6.51187   0.00022   0.00033      5.267    3.036    0.061    0.079   2011.258    1   7.526
S11-16       13.1     3.71520  10.72330   0.00026   0.00036      2.952    4.753    0.072    0.081   2011.462    1  11.349
S12-10       12.9     8.93071  -8.52585   0.00022   0.00022      5.625    0.785    0.066    0.059   2011.256    1  12.347
S6-95        13.4    -2.40051   5.99838   0.00023   0.00035      5.335    0.074    0.050    0.094   2011.269    1   6.461
S5-235       13.1     2.77930   4.53160   0.00020   0.00020     -0.787   -4.056    0.043    0.051   2011.497    1   5.316
S12-11       13.1    10.91422   5.97117   0.00014   0.00024      3.225   -0.488    0.047    0.063   2011.284    1  12.441
S11-17       13.1    10.48961   5.72594   0.00013   0.00026     -1.369    1.815    0.038    0.077   2011.316    1  11.951
S12-12       13.3     1.05401  12.23728   0.00027   0.00019      0.337   -0.680    0.044    0.041   2011.371    1  12.283
S12-13       13.0     8.78792  -8.38377   0.00019   0.00016     -0.094    2.638    0.069    0.046   2011.360    1  12.146
S15-6        13.0    15.07759   1.05882   0.00035   0.00024      1.414    1.200    0.093    0.075   2011.392    1  15.115
S6-96        13.2    -6.04877  -1.92339   0.00050   0.00052     -0.802    7.281    0.123    0.152   2010.274    1   6.347
S9-17        13.1     5.98158   6.95187   0.00022   0.00024      4.530    1.068    0.052    0.056   2011.239    1   9.171
S8-16        13.2     3.56405   8.19125   0.00027   0.00039     -2.096    2.317    0.078    0.108   2011.142    1   8.933
S12-14       13.0     9.33354   8.55152   0.00018   0.00025     -3.044    0.945    0.051    0.056   2011.137    1  12.659
S7-20        13.3    -3.68318   6.95596   0.00025   0.00036      5.097    2.403    0.049    0.087   2011.152    1   7.871
S11-18       13.3     0.10722  11.30281   0.00025   0.00034     -1.702   -4.004    0.047    0.087   2011.364    1  11.303
S11-19       13.2    10.55978   4.92027   0.00012   0.00019      0.529   -1.889    0.036    0.050   2011.435    1  11.650
S10-10       13.1     6.72613   8.00291   0.00017   0.00025     -1.134   -2.479    0.045    0.055   2011.517    1  10.454
S15-7        13.4    12.96255   9.29030   0.00017   0.00043     -2.283    5.022    0.047    0.089   2011.246    1  15.948
S9-19        13.2     8.40112   4.73327   0.00015   0.00017      0.009   -3.421    0.038    0.040   2011.417    1   9.643
S10-11       13.3    -4.04047  10.01317   0.00027   0.00038      0.723    1.323    0.064    0.103   2011.277    1  10.798
S5-236       13.5    -5.53537  -1.28655   0.00036   0.00041      4.969    1.484    0.112    0.135   2010.726    1   5.683
S10-12       13.3     1.41258  10.30077   0.00020   0.00032     -4.361    4.860    0.043    0.081   2011.153    1  10.397
S5-237       13.1     5.49533   1.01308   0.00023   0.00022     -1.463    6.183    0.062    0.066   2010.717    1   5.588
S9-20        13.0     4.31478  -8.03220   0.00036   0.00023      2.348    0.841    0.127    0.070   2011.712    1   9.118
S4-367       13.2     1.32023   4.55665   0.00020   0.00026     -2.792   -1.087    0.043    0.067   2011.621    1   4.744
S9-21        13.4    -6.21653   6.64133   0.00038   0.00037      1.362    7.119    0.086    0.104   2011.149    1   9.097
S8-17        13.3     1.46290   8.52243   0.00020   0.00037     -0.193   -4.139    0.053    0.109   2011.322    1   8.647
S11-20       13.5     1.30627  11.53443   0.00032   0.00044      1.817    2.007    0.059    0.107   2011.326    1  11.608
S10-13       13.2     5.34187  -9.38163   0.00036   0.00028     -0.350   -2.869    0.104    0.110   2011.870    1  10.796
S10-14       13.4     5.54018   8.57908   0.00023   0.00030      1.823   -2.572    0.073    0.076   2010.826    1  10.212
S12-15       13.6     9.19068   8.08236   0.00018   0.00027      2.790    0.406    0.042    0.072   2011.376    1  12.239
S9-22        13.4     9.03357   4.25908   0.00018   0.00021     -0.670    3.180    0.056    0.057   2011.478    1   9.987
S10-15       13.3     9.70945   3.04790   0.00016   0.00021      4.213   -3.974    0.044    0.059   2011.010    1  10.177
S7-21        13.4     4.15794  -6.65455   0.00029   0.00035     -4.617    2.958    0.109    0.101   2010.800    1   7.847
S11-21       13.5     2.55890  10.93228   0.00022   0.00034     -1.822   -2.453    0.048    0.084   2011.365    1  11.228
S12-16       13.3    12.80202   0.66926   0.00026   0.00027      0.565    6.201    0.092    0.064   2011.451    1  12.819
S6-97        13.5     0.93046  -6.54752   0.00022   0.00023     -0.918    0.848    0.067    0.073   2011.224    1   6.613
S9-23        13.5    -1.28545   9.13443   0.00037   0.00052     -2.643   -2.838    0.111    0.168   2011.608    1   9.224
S8-18        13.5    -3.87668   8.08713   0.00026   0.00041      1.256    1.874    0.052    0.099   2011.361    1   8.968
S13-8        13.5     7.11079  10.91886   0.00021   0.00030     -1.718    5.339    0.046    0.059   2011.538    1  13.030
S10-16       13.3    10.68576   2.00373   0.00011   0.00020     -0.633    4.055    0.027    0.045   2011.361    1  10.872
S9-24        13.4     8.20619   4.12703   0.00019   0.00024      7.007   -2.216    0.057    0.061   2011.538    1   9.186
S14-5        13.5    12.88143   6.25659   0.00017   0.00027     -2.710    2.644    0.045    0.049   2011.449    1  14.320
S10-17       13.6     3.42963  10.30736   0.00021   0.00042      2.251    1.843    0.046    0.105   2011.513    1  10.863
S14-6        13.4    11.60748  -8.96368   0.00022   0.00035     -0.646   -3.395    0.076    0.101   2012.203    1  14.666
S15-8        13.2    14.43448  -4.78945   0.00032   0.00024      1.581    2.769    0.097    0.074   2012.025    1  15.208
S13-9        13.4    13.42633  -2.98794   0.00013   0.00021      0.632   -5.162    0.039    0.076   2011.438    1  13.755
S13-10       13.7    10.57180   8.05330   0.00022   0.00025      2.116   -3.903    0.058    0.073   2011.350    1  13.290
S7-23        13.5     6.48280  -4.39851   0.00023   0.00018     -2.315    2.741    0.066    0.041   2011.381    1   7.834
S14-7        13.5    14.07953   4.70928   0.00015   0.00025      4.355    1.885    0.031    0.048   2011.294    1  14.846
S10-18       13.4     9.29123  -3.76138   0.00021   0.00020     -0.577   -2.103    0.043    0.056   2011.229    1  10.024
S11-23       13.5     5.05883  10.33787   0.00018   0.00039     -0.256   -2.008    0.040    0.108   2011.570    1  11.509
S7-24        13.4     6.25610  -3.94175   0.00019   0.00034      3.352   -1.075    0.072    0.101   2011.421    1   7.394
S10-19       13.4     3.54967   9.62750   0.00029   0.00035     -1.918    1.477    0.083    0.106   2011.805    1  10.261
S7-25        13.6     2.69476   7.03921   0.00026   0.00031     -7.131   -5.280    0.051    0.083   2011.312    1   7.537
S6-98        13.6     5.11854   4.63338   0.00019   0.00020      1.636   -3.556    0.039    0.051   2011.326    1   6.904
S6-99        13.6     0.28176   6.27128   0.00039   0.00037      0.144    2.067    0.113    0.073   2010.796    1   6.278
S14-8        13.5    11.91092  -7.83680   0.00029   0.00019      0.129   -0.226    0.078    0.062   2010.907    1  14.258
S7-26        13.5     1.22498   6.93058   0.00027   0.00029     -2.315   -3.836    0.069    0.071   2011.520    1   7.038
S10-20       13.4    10.34322  -0.27605   0.00014   0.00021      1.967   -5.026    0.033    0.051   2011.379    1  10.347
S7-27        13.7     3.26077  -6.36491   0.00028   0.00025      3.822    2.478    0.086    0.076   2010.855    1   7.152
S8-19        13.6     1.84891  -8.69184   0.00026   0.00035      2.297    3.604    0.082    0.141   2011.497    1   8.886
S9-26        13.4     8.80058  -2.50807   0.00022   0.00018      0.849    1.446    0.068    0.036   2011.537    1   9.151
S10-21       13.4     8.85007  -5.08241   0.00020   0.00017      2.553    2.165    0.064    0.037   2011.409    1  10.206
S10-22       13.4     7.24782  -8.15519   0.00020   0.00034     -3.159    1.594    0.055    0.113   2011.218    1  10.910
S11-24       13.6     7.14626  -9.51816   0.00033   0.00030     -2.940   -3.402    0.105    0.114   2011.295    1  11.902
S13-11       13.5     7.84685  10.80729   0.00022   0.00030      5.481    1.583    0.055    0.078   2011.175    1  13.356
S9-27        13.4     7.01909   6.79957   0.00024   0.00029     -2.299   -2.416    0.062    0.080   2011.537    1   9.773
S7-28        13.7     7.37736   2.82852   0.00017   0.00019     -7.227    3.553    0.046    0.056   2011.334    1   7.901
S8-20        13.8    -1.14924   8.49847   0.00022   0.00029     -3.605    0.554    0.057    0.062   2011.307    1   8.576
S14-9        13.7    12.11818   7.27109   0.00020   0.00022      2.596    2.757    0.029    0.052   2011.521    1  14.132
S11-25       13.5     8.84661   7.91200   0.00018   0.00027      1.935    0.260    0.052    0.059   2011.377    1  11.869
S8-21        13.6     8.25988   0.67376   0.00022   0.00020      2.668    2.463    0.068    0.057   2011.832    1   8.287
S11-26       13.6    11.71322  -1.13190   0.00018   0.00023     -1.012   -5.963    0.032    0.070   2011.276    1  11.768
S6-101       13.7     4.53195   4.70926   0.00023   0.00021      1.477   -0.105    0.055    0.055   2011.456    1   6.536
S14-11       13.8     7.42264  12.30042   0.00030   0.00035      2.323    2.867    0.080    0.087   2010.147    1  14.366
S13-13       13.6    12.18156  -5.25046   0.00024   0.00032     -3.693    1.655    0.067    0.113   2011.506    1  13.265
S8-22        13.7     1.73381  -7.84573   0.00025   0.00034      2.660    1.892    0.093    0.111   2011.366    1   8.035
S5-239       13.8    -3.16332   4.98690   0.00020   0.00025      3.417   -1.229    0.046    0.072   2011.106    1   5.906
S6-102       13.7     0.87314  -6.83505   0.00020   0.00026     -0.347    1.941    0.048    0.093   2011.618    1   6.891
S11-27       13.7    10.83752   3.68498   0.00013   0.00023     -1.594    3.748    0.036    0.071   2011.591    1  11.447
S10-23       13.6     9.09292  -4.48281   0.00047   0.00019      0.158   -3.869    0.125    0.045   2011.361    1  10.138
S12-17       13.7     5.81883  10.61682   0.00026   0.00038      2.284    3.552    0.062    0.100   2011.713    1  12.107
S9-29        13.6     7.44785   6.54992   0.00026   0.00021     -0.112    0.965    0.077    0.050   2011.417    1   9.918
S15-10       13.9    14.10411   7.44881   0.00021   0.00027     -1.395   -0.930    0.052    0.060   2011.381    1  15.950
S10-24       13.9     8.52006   5.58460   0.00018   0.00030      2.211   -2.431    0.062    0.069   2011.927    1  10.187
S11-28       13.8     5.07381  10.82813   0.00024   0.00042      0.792   -2.836    0.050    0.098   2011.729    1  11.958
S9-30        13.8     6.38022   7.69186   0.00021   0.00031     -1.374    1.117    0.052    0.091   2011.343    1   9.994
S13-14       13.9     9.63199   9.37567   0.00023   0.00030     -0.018    6.599    0.040    0.065   2011.279    1  13.442
S15-11       13.7    15.07642  -3.46302   0.00019   0.00034     -3.019   -2.942    0.049    0.087   2011.844    1  15.469
S8-23        13.8     6.27448  -6.39726   0.00028   0.00030      1.466    3.470    0.058    0.105   2010.851    1   8.961
S11-29       13.6     6.92769  -9.10363   0.00029   0.00037      3.024    3.034    0.089    0.139   2011.188    1  11.440
S16-6        13.8    15.24571   5.72084   0.00023   0.00039     -2.489   -0.122    0.058    0.098   2011.118    1  16.284
S13-15       13.7    12.86977  -3.03807   0.00016   0.00026      2.949    2.834    0.044    0.095   2011.553    1  13.223
S14-12       13.6    14.85861   0.86608   0.00024   0.00026     -2.245   -4.384    0.073    0.085   2011.871    1  14.884
S9-31        13.8     4.28603   9.01502   0.00020   0.00035     -5.839    1.765    0.046    0.100   2011.473    1   9.982
S12-18       13.9    10.48667   6.88866   0.00024   0.00034      0.628    0.905    0.069    0.085   2011.634    1  12.547
S6-104       13.9     6.67530   1.80184   0.00025   0.00031     -2.863    0.729    0.083    0.080   2011.231    1   6.914
S14-13       13.6    13.84462  -2.84216   0.00022   0.00028     -1.817   -0.809    0.061    0.106   2011.400    1  14.133
S7-29        14.0    -3.66274  -6.38086   0.00026   0.00030      1.955   -0.087    0.068    0.094   2011.330    1   7.357
S8-24        14.1    -3.57171   7.74961   0.00039   0.00049      1.164    2.134    0.115    0.141   2010.656    1   8.533
S12-19       13.7    11.99611  -2.17619   0.00020   0.00024     -0.014   -4.499    0.044    0.054   2011.616    1  12.192
S6-105       14.2    -5.68801   3.53257   0.00040   0.00030     -1.243    0.300    0.096    0.091   2010.618    1   6.696
S15-12       14.1    12.79222   9.23007   0.00013   0.00031     -1.945   -0.124    0.040    0.087   2011.742    1  15.775
S8-25        14.1    -2.71646   7.67473   0.00026   0.00038      6.155    2.618    0.065    0.066   2011.215    1   8.141
S12-20       13.5     5.48249  11.62303   0.00020   0.00039      3.418    2.097    0.057    0.116   2011.239    1  12.851
S8-26        14.1    -3.73742   7.82877   0.00026   0.00039      0.335   -6.324    0.055    0.110   2011.384    1   8.675
S8-27        14.0     7.32543   4.98570   0.00018   0.00021     -1.567    0.731    0.026    0.054   2011.583    1   8.861
S8-28        14.1    -6.38478  -5.20612   0.00042   0.00056     -1.618   -2.961    0.099    0.163   2011.234    1   8.238
S12-21       13.8     9.00999   8.10837   0.00018   0.00031      2.240    1.288    0.049    0.068   2011.495    1  12.121
S14-14       13.9    13.19891   5.04399   0.00028   0.00054      1.616   -0.445    0.073    0.150   2011.776    1  14.130
S13-16       13.6    13.34461  -4.12628   0.00028   0.00032      0.212    0.587    0.065    0.120   2011.708    1  13.968
S10-25       14.0     0.36159  10.11494   0.00025   0.00035     -2.536    0.350    0.048    0.092   2011.345    1  10.121
S8-30        13.9     2.97172   8.31402   0.00021   0.00027     -2.991    0.282    0.046    0.067   2011.178    1   8.829
S12-22       14.0    12.09144   4.09799   0.00014   0.00021      3.521   -1.025    0.051    0.049   2011.648    1  12.767
S6-106       13.9     6.70760   1.38431   0.00025   0.00023      1.909    2.977    0.087    0.078   2011.018    1   6.849
S9-34        13.7     7.37685  -5.16862   0.00025   0.00032      2.472    1.197    0.086    0.067   2011.470    1   9.007
S12-23       13.9     5.91648  11.31548   0.00018   0.00032     -0.112    3.585    0.043    0.088   2011.577    1  12.769
S8-31        13.7     3.83536  -7.16129   0.00025   0.00021      0.372   -3.656    0.094    0.074   2011.723    1   8.124
S5-241       14.1     5.82943   0.38370   0.00018   0.00020     -6.228   -3.998    0.053    0.047   2011.869    1   5.842
S9-35        14.0     3.90639   8.09246   0.00023   0.00043      0.193   -6.630    0.086    0.112   2011.758    1   8.986
S6-107       14.1    -4.39825   4.57720   0.00035   0.00034      1.456   -3.682    0.080    0.099   2011.053    1   6.348
S14-15       14.2    10.46240   9.37484   0.00016   0.00040     -2.304    4.017    0.041    0.084   2011.504    1  14.048
S8-32        14.0     6.88857   5.49492   0.00018   0.00027     -1.088    2.781    0.038    0.075   2011.496    1   8.812
S8-33        14.2    -3.22921  -7.92162   0.00030   0.00033      3.470   -1.566    0.124    0.077   2011.563    1   8.555
S7-30        14.0     6.45959  -2.70173   0.00020   0.00024     -3.008   -3.920    0.045    0.059   2011.510    1   7.002
S7-31        14.0     7.26627  -0.31061   0.00021   0.00018     -1.809   -5.672    0.062    0.060   2011.485    1   7.273
S13-17       14.0     9.47892   9.28624   0.00025   0.00018      2.634    0.446    0.098    0.038   2011.126    1  13.270
S14-17       14.0    13.31227   6.34103   0.00028   0.00027      4.249   -1.371    0.071    0.075   2011.461    1  14.745
S10-26       14.2     3.04631   9.99763   0.00025   0.00040      0.576    2.327    0.053    0.093   2011.791    1  10.451
S11-32       13.9    11.36985   0.62027   0.00017   0.00035     -4.640   -5.718    0.049    0.079   2012.027    1  11.387
S14-18       14.2    11.34726   8.44535   0.00027   0.00026      1.162   -1.291    0.039    0.065   2011.371    1  14.145
S11-33       14.1     6.62817   8.81117   0.00016   0.00025      1.672    0.300    0.044    0.064   2011.624    1  11.026
S7-32        14.1     3.52465   6.56212   0.00023   0.00023     -0.570    2.666    0.042    0.047   2012.075    1   7.449
S10-27       14.3     2.16231   9.96287   0.00028   0.00021     -2.626   -2.694    0.053    0.058   2011.494    1  10.195
S9-36        14.1     7.40040  -6.59116   0.00029   0.00023     -2.024   -1.445    0.070    0.054   2011.759    1   9.910
S6-108       14.1    -1.27872   6.17036   0.00026   0.00041     -3.590   -0.572    0.057    0.095   2011.393    1   6.301
S9-37        14.4    -0.70428   9.22679   0.00028   0.00028     -1.221   -2.058    0.095    0.065   2011.708    1   9.254
S6-109       14.3     0.27113  -6.56417   0.00026   0.00038      0.957   -4.142    0.065    0.094   2011.232    1   6.570
S8-35        14.1     2.98212  -7.68207   0.00039   0.00022     -1.154   -1.374    0.152    0.050   2011.263    1   8.241
S9-38        14.2     9.39597   3.19907   0.00028   0.00033      2.624   -4.418    0.078    0.094   2011.221    1   9.926
S6-110       14.2     4.99191   4.81737   0.00024   0.00027     -5.625   -6.096    0.062    0.080   2011.803    1   6.937
S11-34       14.3     7.24544  -9.28368   0.00038   0.00030      0.880   -1.967    0.089    0.100   2010.942    1  11.776
S12-24       14.4     3.42914  11.59489   0.00030   0.00033      5.241    3.151    0.062    0.096   2011.316    1  12.091
S13-18       14.1    13.38550  -3.34799   0.00011   0.00037     -3.759   -2.486    0.030    0.078   2011.689    1  13.798
S15-14       14.6    12.85088   9.12912   0.00026   0.00050      1.900    1.575    0.055    0.110   2012.187    1  15.763
S12-25       14.1     9.19177   8.49152   0.00016   0.00047     -2.992   -5.375    0.036    0.149   2011.446    1  12.514
S12-26       14.2    11.15176   4.40228   0.00018   0.00040     -6.240    2.295    0.049    0.120   2011.339    1  11.989
S12-27       14.0     9.91869  -7.45722   0.00024   0.00044      2.208    3.760    0.105    0.138   2012.409    1  12.409
S13-19       14.4    10.84101   7.66452   0.00022   0.00041      0.200   -5.400    0.042    0.123   2011.557    1  13.277
S14-20       14.0    14.28480  -2.06235   0.00019   0.00041      1.769    0.945    0.058    0.124   2011.059    1  14.433
S10-29       14.1    10.94971  -0.02410   0.00020   0.00025     -2.211    1.236    0.050    0.050   2011.634    1  10.950
S8-36        14.2     7.96318   0.92739   0.00021   0.00036      3.474    2.993    0.055    0.131   2011.624    1   8.017
S7-34        14.2     7.08372  -3.26201   0.00021   0.00027      2.083   -1.407    0.065    0.068   2011.889    1   7.799
S11-36       14.1    10.62414  -4.62230   0.00039   0.00053      1.575    1.299    0.122    0.124   2012.098    1  11.586
S14-23       14.4    14.36420   3.10816   0.00023   0.00031      5.088   -0.304    0.083    0.048   2011.355    1  14.697
S11-37       14.1    11.28265   1.09816   0.00020   0.00036      0.524    2.385    0.066    0.114   2011.944    1  11.336
S6-111       14.3     6.28771   0.83490   0.00029   0.00024     -3.558    2.826    0.071    0.085   2011.924    1   6.343
S14-24       14.2    13.39373   6.26797   0.00036   0.00038      1.833    2.967    0.120    0.101   2011.950    1  14.788
S13-20       14.2    13.36849   0.49813   0.00027   0.00047     -1.248   -2.590    0.089    0.160   2011.950    1  13.378
S9-41        14.4    -2.44961   9.41789   0.00029   0.00039      1.604    1.496    0.084    0.101   2011.771    1   9.731
S8-37        14.2     5.17220   7.07321   0.00021   0.00037     -0.410   -6.206    0.038    0.094   2012.230    1   8.763
S15-16       14.1    14.56218  -4.37133   0.00024   0.00045     -1.009    0.165    0.057    0.145   2011.580    1  15.204
S8-39        14.5    -5.19257  -6.52292   0.00022   0.00021     -0.776   -0.374    0.060    0.056   2011.462    1   8.337
S10-31       14.2    10.81289  -0.90998   0.00013   0.00025     -0.759   -0.656    0.027    0.064   2011.763    1  10.851
S14-25       14.2    14.51681  -2.53376   0.00027   0.00024      0.997    6.270    0.097    0.065   2011.642    1  14.736
S15-17       14.7    12.71197   9.15247   0.00025   0.00032      0.672   -1.842    0.061    0.080   2011.804    1  15.664
S8-40        14.5     7.38835   3.78559   0.00020   0.00033      3.915    2.307    0.044    0.097   2012.159    1   8.302
S9-42        14.5     2.15713   8.98693   0.00027   0.00030     -0.183   -2.683    0.083    0.073   2011.689    1   9.242
S12-29       14.3    12.20013  -1.20114   0.00023   0.00029     -0.694    2.558    0.061    0.076   2011.364    1  12.259
S7-35        14.3     7.05241  -0.91965   0.00022   0.00026     -1.873   -1.458    0.057    0.077   2011.961    1   7.112
S9-43        14.2     7.90656  -5.81371   0.00024   0.00020      0.959    5.323    0.076    0.049   2011.495    1   9.814
S10-32       14.2    10.20768  -1.68921   0.00023   0.00031      2.725    3.474    0.066    0.069   2011.553    1  10.347
S7-36        14.3     6.37076  -4.41817   0.00030   0.00036      2.595    1.460    0.104    0.108   2011.562    1   7.753
S8-41        14.6    -3.86572   7.53335   0.00034   0.00031     -3.056   -3.074    0.077    0.094   2011.731    1   8.467
S6-112       14.4     6.01052  -0.60875   0.00021   0.00024     -3.773   -4.944    0.049    0.073   2011.382    1   6.041
S7-37        14.6     4.76791   5.47838   0.00026   0.00029      2.820   -5.486    0.084    0.076   2011.555    1   7.263
S11-40       14.2     9.74207  -6.77811   0.00024   0.00027     -1.073   -3.278    0.074    0.076   2011.703    1  11.868
S12-30       14.1     9.97965  -7.37870   0.00034   0.00052     -0.720    1.424    0.097    0.176   2012.143    1  12.411
S12-31       14.3    12.50925  -3.42335   0.00016   0.00031      1.380    1.197    0.033    0.093   2011.732    1  12.969
S12-32       14.3    11.79280  -2.49939   0.00024   0.00025     -0.762   -0.315    0.062    0.066   2011.351    1  12.055
S10-33       14.7     3.94196   9.22969   0.00029   0.00052     -0.880    4.170    0.076    0.154   2011.506    1  10.036
S7-38        14.7    -5.12113   4.80200   0.00049   0.00026      1.057   -2.048    0.140    0.068   2011.435    1   7.020
S12-33       14.1    10.28352  -7.86316   0.00020   0.00039     -0.730   -4.080    0.059    0.101   2011.853    1  12.945
S7-39        14.7    -4.70184   6.01264   0.00043   0.00031      1.893    4.511    0.071    0.080   2011.691    1   7.633
S5-242       14.6    -1.07465   5.63916   0.00039   0.00042      2.915    2.236    0.102    0.139   2011.116    1   5.741
S6-113       14.6     4.22350   5.52189   0.00023   0.00025      0.845   -3.261    0.049    0.074   2011.564    1   6.952
S13-21       14.4    12.19626   5.54141   0.00030   0.00045      1.074    3.142    0.083    0.125   2012.208    1  13.396
S6-114       14.5     3.04229   5.96739   0.00029   0.00030      4.538   -1.748    0.081    0.064   2011.504    1   6.698
S9-45        14.3     7.88437  -5.42848   0.00025   0.00038      0.561    1.462    0.087    0.079   2011.522    1   9.572
S7-40        14.4     3.49483   6.72158   0.00022   0.00048     -3.007    2.055    0.050    0.151   2011.628    1   7.576
S9-46        14.3     8.06648  -5.39589   0.00041   0.00037      3.168    3.895    0.124    0.105   2011.182    1   9.705
S12-34       14.5    11.09212   4.80615   0.00029   0.00041      1.352   -3.084    0.081    0.143   2011.486    1  12.089
S16-8        14.7    13.24038   9.94930   0.00024   0.00043      0.971    1.481    0.061    0.116   2011.866    1  16.562
S8-42        14.7     7.33953   3.41424   0.00017   0.00040     -1.426   -3.614    0.059    0.094   2011.880    1   8.095
S11-41       14.1     7.30229   8.60928   0.00023   0.00027     -0.867    0.697    0.060    0.059   2011.474    1  11.289
S17-7        14.8    12.06800  11.99663   0.00023   0.00041     -1.498   -0.530    0.049    0.113   2011.908    1  17.016
S9-47        14.4     9.88761  -0.27859   0.00026   0.00036     -0.811   -3.252    0.061    0.110   2011.415    1   9.892
S8-43        14.3     4.34556  -7.25725   0.00032   0.00053     -1.126   -3.702    0.044    0.191   2012.006    1   8.459
S10-34       14.3     8.87794  -5.62241   0.00039   0.00034      0.740    3.470    0.101    0.070   2011.158    1  10.509
S9-48        14.6     7.63404   5.01887   0.00016   0.00033     -0.745    0.454    0.056    0.117   2012.017    1   9.136
S16-10       14.8    12.01175  11.14754   0.00021   0.00047     -1.056    3.554    0.078    0.126   2011.782    1  16.387
S10-37       14.7     2.48720  10.42336   0.00028   0.00042      1.412    0.924    0.060    0.142   2011.543    1  10.716
S8-44        14.6     5.66339   6.28780   0.00045   0.00065      1.642    2.177    0.093    0.197   2010.751    1   8.462
S15-21       14.5    15.28831  -1.29101   0.00039   0.00030      0.388    0.620    0.105    0.083   2011.222    1  15.343
S12-36       14.7    12.10796   3.64145   0.00021   0.00045     -2.466   -5.739    0.065    0.142   2011.564    1  12.644
S14-27       14.9    11.37761   9.79141   0.00031   0.00036      5.098    1.686    0.061    0.085   2012.045    1  15.011
S14-28       14.7    14.14759   3.32509   0.00020   0.00029      5.003    0.527    0.035    0.093   2012.560    1  14.533
S13-22       14.7    11.56833   6.14147   0.00015   0.00034     -3.358   -0.882    0.034    0.079   2010.761    1  13.097
S15-22       14.9    10.87955  11.15231   0.00024   0.00055     -1.305    0.117    0.054    0.172   2012.655    1  15.580
S13-23       14.9    11.29406   8.00855   0.00020   0.00036     -1.974    4.683    0.035    0.092   2012.335    1  13.845
S10-40       14.9    -3.72373   9.57129   0.00038   0.00057     -4.846   -1.282    0.088    0.128   2012.024    1  10.270
S7-42        14.8     5.98484   5.07398   0.00029   0.00028     -1.738   -0.563    0.063    0.103   2012.048    1   7.846
S10-41       14.6    10.08157   0.63824   0.00035   0.00041     -2.426   -1.676    0.119    0.116   2011.677    1  10.102
S8-47        14.7     8.79593   0.64657   0.00016   0.00034      2.101    0.783    0.035    0.115   2011.570    1   8.820
S6-118       14.9    -6.01877  -1.07784   0.00056   0.00063     -2.462   -0.585    0.142    0.183   2011.442    1   6.115
S15-24       15.0    11.51205  10.79431   0.00039   0.00053     -1.997   -1.763    0.088    0.182   2011.999    1  15.781
S15-25       14.7    15.03154   4.74694   0.00035   0.00029      1.371    0.336    0.117    0.066   2011.726    1  15.763
S13-24       14.6    13.90898  -0.26254   0.00042   0.00044      1.272    0.836    0.152    0.102   2011.820    1  13.911
S8-48        14.8    -3.32924  -7.80641   0.00023   0.00049      5.480   -1.345    0.045    0.115   2012.042    1   8.487
S14-31       14.7     9.07973  11.60533   0.00026   0.00038      1.019   -2.396    0.059    0.087   2011.780    1  14.735
S6-119       15.1    -5.52089   3.50501   0.00044   0.00058      2.552   -5.517    0.125    0.165   2010.969    1   6.540
S7-44        14.8     0.40222  -7.17883   0.00029   0.00049      4.258   -0.686    0.067    0.149   2012.268    1   7.190
S12-39       14.5    11.88810   2.11908   0.00016   0.00048      1.118   -0.066    0.041    0.182   2011.413    1  12.075
S13-25       14.8    12.74631   4.32115   0.00014   0.00045      1.412   -4.662    0.036    0.129   2011.970    1  13.459
S13-26       14.5    12.59979  -4.27662   0.00030   0.00032     -3.086   -1.945    0.082    0.076   2011.787    1  13.306
S5-244       15.0    -5.92573  -0.04627   0.00044   0.00033      1.591   -1.340    0.099    0.099   2011.426    1   5.926
S10-42       14.7    10.19839   3.15010   0.00026   0.00034      4.468   -2.857    0.053    0.098   2011.204    1  10.674
S9-50        14.9     4.43694   8.04713   0.00024   0.00035      0.486    0.950    0.042    0.089   2011.888    1   9.189
S11-43       14.9     9.99907   5.75753   0.00019   0.00038      1.984    4.239    0.040    0.122   2011.532    1  11.538
S13-27       14.8    12.18626   6.11783   0.00029   0.00050      4.603    0.871    0.071    0.168   2011.314    1  13.636
S13-28       14.7    11.09999   7.78027   0.00036   0.00039     -0.962   -2.574    0.054    0.085   2011.726    1  13.555
S6-121       14.8     1.47925   6.01475   0.00034   0.00033      6.046   -2.111    0.059    0.055   2011.981    1   6.194
S11-44       14.6     8.96287  -7.90766   0.00058   0.00031     -0.374    1.727    0.139    0.081   2011.819    1  11.953
S6-122       14.8     6.69327  -1.73764   0.00020   0.00031     -3.213    2.112    0.063    0.074   2011.852    1   6.915
S12-40       14.8     9.09839   8.35020   0.00017   0.00037      0.146   -2.947    0.049    0.080   2012.091    1  12.349
S14-32       15.1    11.09749   9.28735   0.00025   0.00031      0.111    1.748    0.056    0.059   2011.038    1  14.471
S6-123       14.9    -0.10338  -6.44863   0.00037   0.00036     -0.637    3.558    0.111    0.103   2011.962    1   6.449
S10-45       14.9     9.88320   4.49736   0.00018   0.00035      3.329    1.305    0.057    0.084   2012.296    1  10.858
S7-45        14.8     1.49853  -7.27424   0.00039   0.00057      5.134   -0.136    0.122    0.123   2010.875    1   7.427
S11-45       15.0    10.63050   3.09128   0.00046   0.00034      2.186    2.511    0.109    0.105   2011.685    1  11.071
S10-46       14.4     9.04771  -4.45803   0.00034   0.00062      1.849   -0.897    0.123    0.193   2011.642    1  10.086
S8-50        15.0     2.64505   8.51765   0.00025   0.00046     -2.630    6.611    0.065    0.159   2011.840    1   8.919
S16-13       15.1    11.25504  12.11637   0.00032   0.00039     -1.918   -3.505    0.148    0.118   2012.753    1  16.537
S14-34       15.0    11.55081   7.97825   0.00036   0.00021     -2.873   -2.790    0.099    0.044   2012.188    1  14.038
S8-51        14.9     8.49920   1.80947   0.00020   0.00041     -2.212    3.126    0.069    0.150   2011.872    1   8.690
S13-30       14.9    13.43379   3.67504   0.00038   0.00027      3.079    2.273    0.108    0.090   2011.461    1  13.927
S12-41       14.8     8.40595   9.24019   0.00027   0.00030      0.860    2.554    0.058    0.061   2011.199    1  12.492
S13-31       14.7    13.33101   4.22532   0.00042   0.00030      1.928   -0.659    0.136    0.064   2011.865    1  13.985
S14-35       14.9    12.01956   8.03061   0.00040   0.00056     -0.506    1.969    0.128    0.160   2012.099    1  14.455
S14-36       15.0    11.27109   9.50928   0.00030   0.00058     -0.183    0.316    0.123    0.154   2012.484    1  14.747
S8-52        14.9     1.95288   8.08145   0.00032   0.00045      6.722   -1.535    0.087    0.109   2011.886    1   8.314
S8-53        14.8     2.76089   8.26366   0.00028   0.00058     -0.586    2.292    0.076    0.187   2011.690    1   8.713
S17-9        15.0    13.38519  11.19629   0.00029   0.00046     -0.410    3.536    0.081    0.154   2011.871    1  17.451
S15-27       14.8    15.42196   2.00600   0.00020   0.00059     -1.170   -1.278    0.092    0.167   2012.761    1  15.552
S5-245       15.0    -5.92943  -0.52048   0.00039   0.00048     -0.663   -1.756    0.111    0.136   2011.819    1   5.952
S6-125       15.1    -3.95046   4.70682   0.00034   0.00040      0.531    1.899    0.091    0.074   2011.614    1   6.145
S10-47       14.9    10.42782   2.72580   0.00027   0.00040     -5.336    2.182    0.060    0.140   2012.151    1  10.778
S10-48       15.1    -0.52505  10.72949   0.00042   0.00048      1.918    0.808    0.082    0.130   2011.527    1  10.742
S8-54        15.1    -1.91462  -8.38113   0.00031   0.00043     -2.840    3.034    0.068    0.154   2012.071    1   8.597
S8-56        14.8     8.72661   0.08319   0.00022   0.00018     -3.026    1.927    0.070    0.052   2012.318    1   8.727
S7-47        14.8     7.48920  -2.77987   0.00023   0.00035     -2.923   -6.584    0.079    0.086   2012.412    1   7.988
S8-58        15.0     5.94777   6.13571   0.00037   0.00043     -1.873   -0.402    0.071    0.119   2012.293    1   8.545
S10-49       15.2     0.35427  10.51764   0.00055   0.00052      1.334   -0.174    0.089    0.136   2012.272    1  10.524
S8-59        15.1    -1.59297   8.45729   0.00055   0.00059     -1.208    4.433    0.110    0.176   2012.802    1   8.606
S10-50       14.8     9.58324  -3.18165   0.00052   0.00034     -0.776   -4.038    0.132    0.079   2011.763    1  10.098
S6-127       15.3    -5.91560  -2.39511   0.00042   0.00061      4.855   -3.339    0.109    0.170   2010.855    1   6.382
S7-48        15.1    -2.16730   7.59831   0.00041   0.00046      2.152   -2.286    0.106    0.159   2012.350    1   7.901
S10-51       14.8     7.77872   6.43272   0.00034   0.00037      0.891    3.050    0.079    0.094   2012.146    1  10.094
S6-128       14.9     5.69948  -2.52593   0.00028   0.00028     -3.509    2.225    0.081    0.075   2012.145    1   6.234
S6-129       15.0     6.10805  -0.32789   0.00028   0.00023      1.174    3.460    0.086    0.060   2010.781    1   6.117
S11-51       15.1     0.27845  11.08418   0.00027   0.00032      4.036   -0.581    0.059    0.076   2011.849    1  11.088
S13-36       14.9    12.99006  -3.33183   0.00017   0.00050      2.121   -1.903    0.046    0.126   2011.371    1  13.411
S8-61        15.0     2.35409   8.63977   0.00023   0.00058     -1.502    0.950    0.056    0.167   2011.845    1   8.955
S10-56       15.0     9.65118   4.63846   0.00020   0.00053      5.030    4.205    0.050    0.141   2011.241    1  10.708
S11-52       14.9    11.59924  -1.20872   0.00017   0.00060      1.839   -1.537    0.040    0.128   2010.558    1  11.662
S12-44       15.0    11.97880   4.67182   0.00040   0.00043     -0.523    1.855    0.149    0.120   2012.131    1  12.858
S6-131       14.9     6.17691   0.41268   0.00077   0.00033     -0.818   -4.769    0.132    0.090   2011.081    1   6.191
S5-246       15.2    -2.47192   5.05921   0.00021   0.00069     -1.690   -5.850    0.049    0.168   2011.888    1   5.631
S13-39       15.0    13.32837   4.06399   0.00017   0.00044     -0.488    1.475    0.043    0.144   2012.400    1  13.934
S12-46       15.0    12.30753   3.53735   0.00049   0.00046      0.478    2.026    0.180    0.144   2011.359    1  12.806
S8-62        15.2    -0.57461   8.71944   0.00034   0.00034      4.663   -1.389    0.140    0.085   2012.562    1   8.738
S6-132       15.1     6.48500  -0.07565   0.00018   0.00049     -1.359   -3.485    0.045    0.137   2011.674    1   6.485
S8-63        15.0     7.58812  -3.37004   0.00049   0.00033      0.866    2.393    0.169    0.103   2011.118    1   8.303
S10-64       15.1     0.33385  10.95596   0.00030   0.00056     -0.868   -1.838    0.063    0.144   2011.643    1  10.961
S9-56        15.1     1.93825   9.24467   0.00047   0.00044      0.405   -4.631    0.137    0.125   2012.145    1   9.446
S9-57        14.9     9.59166  -0.49515   0.00037   0.00025     -2.297   -2.241    0.134    0.060   2011.037    1   9.604
S4-368       15.2     1.71482   4.43223   0.00050   0.00044      0.238   -4.944    0.198    0.098   2010.770    1   4.752
S12-48       14.9    12.38980  -1.63954   0.00038   0.00048     -3.971   -3.852    0.078    0.177   2011.807    1  12.498
S9-58        15.2     3.10984   8.91021   0.00026   0.00072      0.075    0.680    0.068    0.144   2012.288    1   9.437
S10-65       15.0     9.32635  -5.23519   0.00028   0.00066      3.701    0.706    0.060    0.171   2011.786    1  10.695
S6-134       15.2    -0.02014   6.79925   0.00053   0.00049      1.413   -0.370    0.137    0.184   2012.220    1   6.799
S13-42       14.7     5.74294  12.10307   0.00015   0.00042     -0.954   -5.685    0.058    0.101   2012.014    1  13.396
S11-54       15.2    10.58440   5.48678   0.00033   0.00043      0.866    1.124    0.122    0.125   2012.266    1  11.922
S10-66       15.1     8.45315   5.36893   0.00029   0.00049      0.166   -3.400    0.088    0.125   2012.140    1  10.014
S11-55       15.3     2.09391  11.16707   0.00030   0.00058     -0.006   -4.212    0.073    0.106   2012.105    1  11.362
S11-58       15.3     1.80075  11.86923   0.00056   0.00042     -0.156    4.598    0.193    0.115   2011.780    1  12.005
S6-135       15.1     5.48296   2.54683   0.00033   0.00063     -4.484   -4.291    0.073    0.094   2010.972    1   6.046
S7-52        15.3     2.57530  -7.34277   0.00053   0.00038     -1.252   -1.675    0.199    0.126   2012.244    1   7.781
S10-68       14.9     9.58116  -3.04393   0.00030   0.00031      2.064   -2.205    0.072    0.115   2010.389    1  10.053
S9-60        15.2     9.46306   0.88995   0.00047   0.00051      5.500   -1.383    0.124    0.147   2012.579    1   9.505
S7-53        15.0     6.89761  -2.44751   0.00032   0.00035     -2.086    2.264    0.108    0.075   2011.809    1   7.319
S9-61        15.1     1.68917   9.29565   0.00028   0.00048      1.796    1.382    0.061    0.128   2011.447    1   9.448
S8-65        15.1     8.90535   0.71522   0.00047   0.00033      0.559    0.932    0.108    0.110   2011.562    1   8.934
S13-44       15.2    12.69889   3.44946   0.00045   0.00044      3.038    0.775    0.160    0.150   2012.094    1  13.159
S11-62       15.0    11.65089   1.68028   0.00039   0.00050     -6.094   -0.123    0.101    0.124   2012.417    1  11.771
S7-55        14.8     2.18351   6.95655   0.00033   0.00055     -2.115   -1.266    0.066    0.157   2012.041    1   7.291
S10-75       15.1     8.73806   5.51532   0.00048   0.00042      4.595   -3.097    0.126    0.126   2010.356    1  10.333
S9-64        15.2     9.24556   2.89764   0.00032   0.00054     -4.431   -1.132    0.075    0.165   2011.620    1   9.689
S10-76       15.3     2.78617  10.13851   0.00049   0.00070     -1.890    4.842    0.151    0.167   2011.650    1  10.514
S10-78       15.3     5.67246   8.71670   0.00047   0.00046      1.841   -2.161    0.117    0.107   2011.767    1  10.400
S9-65        15.3     8.70302   2.62606   0.00020   0.00034     -2.387   -0.997    0.046    0.094   2012.187    1   9.091
S7-58        15.3     7.13414  -1.36718   0.00021   0.00025      5.623    1.720    0.068    0.090   2011.815    1   7.264
S8-66        15.2     8.51547  -0.82857   0.00027   0.00035      4.445   -2.932    0.079    0.132   2012.166    1   8.556
S14-49       15.2    14.18308  -2.18545   0.00048   0.00039      1.961    1.424    0.124    0.090   2011.388    1  14.350
S8-67        15.3     5.64805   6.07565   0.00028   0.00030     -0.830    1.025    0.080    0.068   2011.886    1   8.295
S6-137       15.2     6.01688   0.45319   0.00047   0.00029      1.598    0.884    0.127    0.076   2012.329    1   6.034
S7-61        15.3     7.85499  -0.09403   0.00042   0.00035      0.239    2.021    0.110    0.068   2010.345    1   7.856
S9-67        15.3     7.34150   6.00593   0.00032   0.00058      2.792   -1.157    0.104    0.164   2011.668    1   9.485
S9-68        15.1     1.96132   9.75295   0.00026   0.00046      2.170   -3.416    0.058    0.103   2012.125    1   9.948
S9-69        15.2     5.82169   8.04356   0.00031   0.00041     -3.039   -2.614    0.102    0.091   2012.010    1   9.929
S9-70        15.5     0.78893   9.06102   0.00031   0.00070      2.401   -1.233    0.072    0.187   2012.609    1   9.095
S8-71        15.3     2.46466   8.34602   0.00032   0.00062     -3.688    3.758    0.096    0.176   2011.777    1   8.702
S9-73        15.0     9.55664  -2.53296   0.00037   0.00030     -0.743    2.977    0.116    0.084   2012.143    1   9.887
S7-65        15.1     7.14837   1.28772   0.00029   0.00055      3.720    0.822    0.048    0.186   2011.390    1   7.263
S9-77        15.3     8.26169   4.51553   0.00049   0.00043      1.607   -0.122    0.148    0.157   2010.620    1   9.415
S8-72        15.0     8.23231   1.20947   0.00026   0.00041     -0.190    1.330    0.112    0.144   2012.327    1   8.321
S7-67        15.5    -4.23004   6.25181   0.00054   0.00055      1.990    2.227    0.130    0.175   2012.546    1   7.548
S8-73        15.3     8.60436   2.20991   0.00026   0.00041      1.434    2.070    0.075    0.110   2011.229    1   8.884
S6-140       15.5     5.75073   3.22264   0.00028   0.00038     -6.708    5.446    0.061    0.121   2012.254    1   6.592
S7-69        15.3     5.97642   4.62882   0.00036   0.00040      4.787   -6.089    0.067    0.072   2011.071    1   7.559
S7-70        15.3     7.74959  -1.14344   0.00019   0.00023     -1.467   -2.735    0.051    0.065   2012.267    1   7.833
S6-141       15.5     6.07773   2.84250   0.00021   0.00045      3.248   -0.917    0.031    0.171   2013.713    1   6.710
S9-79        15.3     7.71081   6.14225   0.00024   0.00019     -2.055   -2.359    0.059    0.043   2012.725    1   9.858
S7-73        15.3     6.09972   4.53065   0.00030   0.00029      1.532   -1.263    0.075    0.094   2012.554    1   7.598
S9-81        15.2     9.17243  -2.62676   0.00040   0.00035     -2.045    1.548    0.129    0.132   2012.083    1   9.541
S10-84       15.4     8.77494   4.87461   0.00036   0.00037     -4.413   -0.857    0.124    0.101   2010.942    1  10.038
S6-144       15.5     2.74436   5.49095   0.00044   0.00032      0.768    2.813    0.088    0.093   2011.855    1   6.139
S10-86       15.3     9.28430   5.11336   0.00024   0.00021      2.599    1.239    0.083    0.054   2011.852    1  10.599
S6-146       15.4     5.93722   2.28821   0.00028   0.00058      1.184    3.088    0.040    0.136   2010.865    1   6.363
S9-84        15.5     1.52295   9.54985   0.00032   0.00048     -0.838   -0.343    0.084    0.145   2012.321    1   9.671
S7-77        15.3     7.21029   0.28116   0.00038   0.00054     -0.206    1.292    0.085    0.115   2011.631    1   7.216
S9-89        15.4     9.44145   1.99863   0.00019   0.00035     -0.998    4.202    0.043    0.092   2011.967    1   9.651
S5-248       15.6     2.31074   5.32683   0.00038   0.00060      0.482    1.588    0.113    0.199   2012.440    1   5.806
S7-78        15.5     6.16010   4.91801   0.00045   0.00025     -1.630   -1.474    0.107    0.059   2011.557    1   7.882
S9-90        15.4     7.57381   6.21657   0.00034   0.00030     -0.220    1.264    0.088    0.097   2011.495    1   9.798
S8-83        15.4     8.70066   1.43717   0.00044   0.00053      0.367    1.853    0.144    0.188   2011.904    1   8.819
S7-79        15.4     6.35323   4.80840   0.00033   0.00037     -2.327   -0.810    0.085    0.085   2012.306    1   7.968
S9-91        15.3     8.30983  -4.83056   0.00042   0.00077      4.834   -2.865    0.144    0.190   2011.559    1   9.612
S9-94        15.6     2.01334   9.41258   0.00058   0.00070     -2.062    2.840    0.120    0.133   2012.739    1   9.625
S10-89       15.4     8.29834   5.77988   0.00034   0.00034      3.021    0.277    0.083    0.106   2012.394    1  10.113
S8-86        15.3     7.49504  -3.43905   0.00025   0.00076      1.120   -3.958    0.063    0.168   2011.554    1   8.246
S7-83        15.4     7.19949  -2.79718   0.00028   0.00063     -0.538    4.243    0.085    0.157   2012.410    1   7.724
S10-91       15.5     1.49021  10.00157   0.00029   0.00051     -0.854   -3.889    0.127    0.160   2012.681    1  10.112
S9-100       13.3     4.74694  -8.09830   0.00038   0.00028     -0.866   -0.858    0.128    0.092   2011.579    1   9.387
S17-11       15.0    13.23253  11.52525   0.00040   0.00033     -3.232    2.027    0.079    0.079   2012.194    1  17.548
S8-102       15.2    -2.62860  -8.34631   0.00038   0.00064      2.070    1.454    0.055    0.196   2011.679    1   8.750
S8-103       15.2    -5.51747  -6.15723   0.00033   0.00044      1.794   -4.803    0.107    0.100   2012.298    1   8.268
S8-104       15.2     8.23995   0.97631   0.00026   0.00055      1.145    1.373    0.093    0.185   2011.857    1   8.298
S5-256       15.2     5.63377   0.84358   0.00030   0.00031      0.432   -6.579    0.071    0.079   2011.101    1   5.697
S11-75       15.1    10.27033   5.10691   0.00008   0.00021     -5.584    3.193    0.027    0.048   2011.905    1  11.470
S13-58       15.2    13.48533   1.73796   0.00033   0.00058      2.406    3.210    0.136    0.157   2012.897    1  13.597
S7-96        15.4     6.82047   2.36687   0.00049   0.00060     -0.769    3.740    0.135    0.186   2011.308    1   7.219
S11-80       15.1    10.13496   4.26947   0.00024   0.00051     -3.763    0.529    0.086    0.163   2012.518    1  10.998
S6-168       15.5     5.22617   4.54171   0.00036   0.00037      3.313   -3.306    0.085    0.071   2011.327    1   6.924
S16-18       15.4    12.76284  11.02174   0.00026   0.00052     -0.509    1.053    0.073    0.146   2012.439    1  16.863
S7-98        15.6     5.09039   5.63755   0.00038   0.00044     -1.109   -1.766    0.109    0.139   2012.681    1   7.596
S6-169       15.5     4.70970   4.84938   0.00025   0.00059      1.127   -1.372    0.052    0.172   2012.494    1   6.760
S11-84       15.4     9.76562   5.91273   0.00018   0.00057      1.892   -0.494    0.066    0.178   2013.040    1  11.416
S4-371       15.5     1.72593   4.62182   0.00035   0.00049     -2.654   -1.247    0.091    0.135   2013.149    1   4.934
S8-111       15.5     2.67321   7.81567   0.00034   0.00043     -2.581   -3.687    0.126    0.140   2012.147    1   8.260
S12-71       14.9    11.38019  -6.15394   0.00041   0.00048      0.530   -2.028    0.136    0.153   2011.757    1  12.938
S11-92       15.1    11.52202   2.92813   0.00034   0.00046      1.980   -1.925    0.121    0.133   2012.695    1  11.888
S10-105      14.8     6.14539   8.17265   0.00049   0.00079      2.229    0.118    0.144    0.082   2012.194    1  10.225
S15-39       14.5    12.98002  -7.99405   0.00029   0.00035     -1.073   -3.679    0.069    0.135   2012.469    1  15.244
S10-107      15.1     7.88078  -6.71065   0.00040   0.00057      1.828   -3.594    0.102    0.136   2011.836    1  10.351
S8-125       15.5    -1.26837   8.75286   0.00044   0.00052     -1.808   -2.054    0.137    0.139   2012.401    1   8.844
S9-119       11.1    -1.91409  -9.21025   0.00041   0.00036     -1.517   -5.002    0.162    0.150   2011.355    1   9.407
S9-120       11.9    -3.61585  -8.58458   0.00026   0.00029      2.381    0.553    0.103    0.122   2011.222    1   9.315
S8-126       12.8    -2.24046  -8.56429   0.00034   0.00024     -4.732    2.531    0.149    0.080   2011.093    1   8.852
S9-121       12.9    -6.29552  -7.43555   0.00054   0.00061      1.265   -3.772    0.092    0.160   2011.041    1   9.743
S8-253       13.9    -2.80622   7.66656   0.00026   0.00033      3.166    0.511    0.064    0.070   2011.504    1   8.164
