S0-2 1998.251 1998.366 1998.505 1998.590 1998.771 2002.309 2002.391 2002.547 2006.336 2006.470 2006.541 2007.374 2007.612 2013.318 2013.550 2014.380 2014.596 2015.606 2018.673
SgrA 1995.439 1999.333 2001.572 2005.312 2005.566 2005.580 2006.336 2006.470 2006.541 2007.374 2007.612 2010.620 2014.380 2014.596 2016.338 2017.343
S0-1 1995.439 2010.342 2010.511 2010.620 2011.401 2011.543 2011.642 2012.371 2012.562 2013.318 2013.550
S0-3 1998.251 2000.305 2000.381 2000.797 2001.351 2001.572 2002.391 2002.547
S0-5 2010.342 2010.511 2010.620 2011.401 2011.543 2011.642 2012.371 2012.562 2013.318 2013.550 2014.380 2014.596
S0-7 1998.251 2003.303 2005.566
S0-8 1999.333 1999.559 2004.564 2004.660 2005.495 2005.566 2005.580 2006.336 2006.470
S0-105 2005.495 2005.566 2005.580 2006.336 2006.470 2017.348 2017.343 2017.348 2017.616 2018.208 2018.222 2018.244
S0-106 2014.596
S0-61 2014.596
S0-16 2000.305 2006.336 2010.620 2010.511 2011.543 2012.371 2012.562 2013.550 2015.606 2016.338 2016.532
S0-17 2009.340 1998.251
S0-20 1998.366 2004.327 2004.660 2006.336 2006.470 2006.541 2008.371 2008.562 2009.340 2009.561 2009.689 2011.401 2011.543 2011.642
S0-23 1998.366
S0-24 2000.305 2000.381 2000.797 2001.351 2001.572 2002.309 2002.391 2002.547 2011.401 2011.543 2011.642
S0-53 1999.333 2000.381 2011.543 2012.371 2012.562 2013.550 2014.380 2015.606 2016.338 2016.532
S0-26 1999.333 2000.305 2003.303 2009.340 2009.561 2009.689 2010.620 2010.511 2011.401 2011.543 2011.642 2012.371 2012.562
S0-40 1999.333 2000.305 2001.351
S0-48 2007.374 2007.612 2015.606 2017.348 2017.343 2017.348 2017.616 2018.208 2018.222 2018.244
S0-50 2007.374 2007.612
S0-38 1998.366 2015.606 2017.348 2017.343 2017.348 2017.616 2018.208 2018.222 2018.244
S0-49 1998.366 2017.348 2017.343 2017.348 2017.616 2018.208 2018.222 2018.244
